5.8114500000000001e-06,1.45137e-05,2.03252e-05,2.61366e-05,3.19481e-05,3.7759500000000003e-05,4.3571e-05,4.6491600000000001e-05,5.2303099999999997e-05,5.5223699999999998e-05,6.1035200000000001e-05,6.3940899999999996e-05,6.6846600000000005e-05,6.97523e-05,7.2658100000000002e-05,7.5563799999999996e-05,7.8469500000000005e-05,8.13752e-05,8.4281000000000002e-05,8.7186699999999997e-05,8.7195799999999996e-05,9.0101599999999998e-05,9.3007300000000007e-05,9.5913000000000001e-05,9.8818699999999996e-05,9.8821599999999996e-05,0.000101727,0.000101728,0.000104634,0.000104634,0.000104634,0.00010754,0.00010754100000000001,0.00011044699999999999,0.00011044699999999999,0.00011044699999999999,0.000113353,0.000113354,0.000113354,0.000113354,0.00011626,0.00011626,0.000119166,0.00011916700000000001,0.00011916700000000001,0.00011916700000000001,0.00011916700000000001,0.00012207200000000001,0.00012207299999999999,0.00012207299999999999,0.00012207299999999999,0.00012207299999999999,0.00012207299999999999,0.00012207299999999999,0.00012207299999999999,0.000124979,0.00012498000000000001,0.000127885,0.00012788599999999999,0.00013079199999999999,0.000133697,0.00013660300000000001,0.00013950900000000001,0.00014241500000000001,0.00014532,0.000151132,0.000154038,0.00015694299999999999,0.000162755,0.00016856600000000001,0.00017437799999999999,0.00018018900000000001,0.00018309500000000001,0.00019179700000000001,0.00019763800000000001,0.00020345000000000001,0.000209261,0.00021796399999999999,0.000223775,0.00022958599999999999,0.00023828900000000001,0.00024413000000000001,0.000249941,0.00025864399999999999,0.00026448500000000001,0.00027318699999999998,0.00027899899999999999,0.00028770100000000002,0.00029354199999999999,0.00030224400000000002,0.000310947,0.00031678799999999998,0.00032549,0.00033133199999999999,0.00034003400000000002,0.00034873599999999999,0.00035457700000000002,0.00036328,0.00037198199999999998,0.000377823,0.00038652499999999998,0.00039522800000000002,0.00040106899999999999,0.00040977100000000002,0.00041847400000000001,0.00042723499999999998,0.00043304699999999999,0.00044174900000000002,0.00044758999999999999,0.00045921299999999998,0.00046502499999999999,0.00047372700000000001,0.00048242899999999999,0.00049113200000000003,0.00049989399999999997,0.00050859600000000005,0.00051729800000000002,0.00052605999999999996,0.00053476200000000004,0.00054057400000000005,0.00054927600000000002,0.00055803799999999996,0.00056674000000000004,0.00057544200000000001,0.00058128400000000005,0.00059290700000000005,0.00059871800000000004,0.00060742000000000001,0.000616123,0.00062196400000000002,0.000630666,0.00063936799999999997,0.00064813000000000002,0.000656833,0.00066553499999999998,0.00067423699999999995,0.000682999,0.00069170099999999997,0.00069754300000000001,0.00070624499999999998,0.00071786799999999998,0.00072367899999999997,0.00073238100000000005,0.00074114299999999999,0.00074984599999999998,0.00075854799999999995,0.00076725000000000003,0.00077601199999999997,0.00078182299999999996,0.00079052600000000005,0.00079922800000000003,0.00080798999999999997,0.00081669200000000005,0.00082539400000000002,0.00083409700000000001,0.00084285899999999995,0.00085156100000000003,0.000860263,0.00086610400000000003,0.00087480700000000002,0.00088350899999999999,0.00088935000000000001,0.00090097300000000001,0.00090967499999999998,0.00091837799999999997,0.00092424900000000003,0.00093295100000000001,0.00094165299999999998,0.00095035599999999997,0.000959117,0.00096781999999999999,0.00097363099999999998,0.00098233299999999995,0.000991095,0.00099979800000000009,0.0010085000000000001,0.0010172,0.00102596,0.0010346699999999999,0.0010433700000000001,0.0010521300000000001,0.00106083,0.00106664,0.0010753500000000001,0.00108405,0.00109281,0.00110151,0.0011102200000000001,0.0011160600000000001,0.00112476,0.00113346,0.00114222,0.0011509300000000001,0.00115963,0.0011683900000000001,0.0011742,0.0011829,0.0011916100000000001,0.00120031,0.00120907,0.00121488,0.0012235799999999999,0.00123229,0.0012410500000000001,0.00124975,0.0012584499999999999,0.0012671500000000001,0.001273,0.00128462,0.00129046,0.0012991599999999999,0.0013078600000000001,0.00131657,0.00132533,0.0013340299999999999,0.0013427300000000001,0.0013485700000000001,0.00135728,0.0013659799999999999,0.0013747399999999999,0.0013834400000000001,0.00139215,0.0014008499999999999,0.0014096099999999999,0.0014183100000000001,0.00142701,0.00143286,0.0014415599999999999,0.0014502600000000001,0.0014561000000000001,0.0014648,0.00147357,0.0014851899999999999,0.0014938900000000001,0.0014997000000000001,0.0015084,0.0015171099999999999,0.0015258699999999999,0.0015345700000000001,0.0015404100000000001,0.00154911,0.0015578199999999999,0.0015665200000000001,0.0015752800000000001,0.00158398,0.0015926899999999999,0.0015985299999999999,0.0016101500000000001,0.00161885,0.00162469,0.00163339,0.0016392100000000001,0.00165083,0.0016566700000000001,0.00166537,0.0016740800000000001,0.0016799199999999999,0.0016886200000000001,0.00169732,0.0017060199999999999,0.0017147900000000001,0.0017206000000000001,0.0017293,0.001738,0.00174676,0.0017554700000000001,0.0017612800000000001,0.0017729,0.00177874,0.0017874399999999999,0.00179615,0.00180485,0.00181361,0.00181942,0.0018310399999999999,0.0018368600000000001,0.00184556,0.0018542599999999999,0.0018600999999999999,0.0018688000000000001,0.00187751,0.00188335,0.0018949699999999999,0.00190081,0.0019095099999999999,0.00191822,0.00192406,0.0019327599999999999,0.0019414600000000001,0.00195016,0.0019589299999999998,0.0019676300000000002,0.0019763300000000001,0.0019821700000000001,0.0019908700000000001,0.0019995799999999999,0.00200834,0.0020170399999999999,0.0020228799999999999,0.0020315799999999998,0.0020402900000000002,0.0020489900000000001,0.0020577500000000001,0.0020664500000000001,0.00207515,0.00208392,0.0020926199999999999,0.0020984300000000001,0.00211005,0.0021187599999999999,0.0021274599999999999,0.0021332999999999999,0.0021449199999999998,0.0021507599999999998,0.0021623900000000001,0.0021710900000000001,0.0021768999999999998,0.0021885199999999998,0.0021972300000000001,0.0022030700000000001,0.0022117700000000001,0.00222047,0.00222923,0.0022379399999999999,0.0022466399999999998,0.0022553400000000002,0.0022640999999999998,0.0022728000000000002,0.00228151,0.0022902700000000001,0.00229897,0.0023076699999999999,0.0023163699999999999,0.0023251399999999998,0.0023338399999999998,0.0023425400000000002,0.0023483800000000002,0.0023600100000000001,0.0023658199999999998,0.0023745200000000002,0.0023832200000000001,0.0023919800000000001,0.0023977899999999999,0.0024064999999999998,0.0024152000000000002,0.0024239600000000002,0.0024326600000000001,0.00244137,0.00245013,0.00245883,0.0024675299999999999,0.0024762299999999998,0.0024820799999999998,0.0024937000000000002,0.0024995099999999999,0.0025082099999999999,0.0025169699999999999,0.00252279,0.00253441,0.0025402200000000002,0.0025489200000000001,0.00255762,0.0025663299999999999,0.0025722000000000002,0.0025809000000000001,0.0025896000000000001,0.0025983,0.00260707,0.0026157699999999999,0.0026244699999999998,0.0026332299999999999,0.00263904,0.0026477499999999999,0.0026564499999999999,0.0026651499999999998,0.0026739099999999998,0.00267972,0.0026884299999999999,0.0026971299999999998,0.0027087999999999999,0.0027146100000000001,0.00272624,0.0027320500000000002,0.0027436700000000001,0.0027494799999999999,0.0027552900000000001,0.00276399,0.0027726999999999999,0.0027814599999999999,0.0027901599999999999,0.0027988599999999998,0.0028075700000000001,0.0028163300000000001,0.0028250300000000001,0.00283373,0.00283957,0.0028482799999999999,0.0028569799999999998,0.0028657399999999999,0.0028744399999999998,0.00288025,0.0028889599999999999,0.0028977199999999999,0.0029064199999999998,0.00291223,0.00292093,0.0029296399999999998,0.0029383999999999999,0.0029470999999999998,0.0029558000000000002,0.0029645600000000002,0.0029703799999999999,0.0029790799999999998,0.0029877800000000002,0.0029964800000000002,0.0030052400000000002,0.0030110599999999999,0.0030197599999999998,0.0030284600000000002,0.0030372200000000002,0.00304303,0.0030517399999999998,0.0030604400000000002,0.0030691400000000001,0.0030779000000000002,0.00308661,0.00309531,0.00310115,0.0031127699999999999,0.0031214699999999999,0.0031273199999999998,0.0031360200000000002,0.0031447200000000002,0.0031534800000000002,0.0031621800000000001,0.00317089,0.0031795899999999999,0.00318835,0.0031970499999999999,0.0032057499999999998,0.0032145199999999998,0.00322033,0.0032319499999999999,0.0032377600000000001,0.0032464600000000001,0.0032551699999999999,0.00326393,0.0032726299999999999,0.0032813299999999998,0.0032900400000000002,0.0032988000000000002,0.0033075000000000001,0.0033162000000000001,0.0033249600000000001,0.0033336699999999999,0.0033394800000000001,0.0033481800000000001,0.00335688,0.00336564,0.0033743499999999999,0.0033801600000000001,0.00338886,0.0033976200000000001,0.00340632,0.0034150299999999999,0.0034237299999999998,0.0034295699999999998,0.0034382700000000002,0.0034470299999999998,0.0034557400000000001,0.0034644400000000001,0.00347314,0.0034819,0.0034906099999999999,0.0034993099999999998,0.0035051499999999998,0.0035138499999999998,0.0035225500000000002,0.0035313200000000001,0.0035400200000000001,0.00354872,0.0035574199999999999,0.00356618,0.0035748899999999998,0.0035807299999999999,0.0035894299999999998,0.0035981300000000002,0.0036068300000000001,0.0036126800000000001,0.00362138,0.00362722,0.00363592,0.00364176,0.0036504699999999998,0.0036591699999999998,0.0036650099999999998,0.0036737100000000002,0.0036824100000000001,0.0036911800000000001,0.0036969899999999998,0.0037056900000000002,0.0037143900000000001,0.0037230900000000001,0.00373186,0.00374056,0.0037492599999999999,0.0037580199999999999,0.0037667199999999999,0.0037754300000000002,0.0037841300000000001,0.0037899700000000001,0.0037986700000000001,0.00380737,0.00381614,0.0038248399999999999,0.0038306799999999999,0.0038393799999999999,0.0038480799999999998,0.0038567900000000001,0.0038655500000000001,0.0038742500000000001,0.00388295,0.00388879,0.0039004199999999999,0.0039062300000000001,0.0039149299999999996,0.00392363,0.0039324,0.0039411000000000003,0.0039469400000000003,0.0039585599999999999,0.00396437,0.0039730800000000004,0.0039817799999999999,0.0039904800000000002,0.0039992400000000003,0.0040079399999999998,0.0040166500000000001,0.0040254100000000001,0.0040341099999999996,0.0040399199999999998,0.0040486200000000002,0.0040573900000000001,0.0040632000000000003,0.0040748199999999998,0.00408063,0.0040893300000000004,0.0040980399999999998,0.0041067400000000002,0.0041155000000000002,0.0041241999999999997,0.0041329100000000001,0.0041416700000000001,0.0041503699999999996,0.0041561799999999998,0.0041648800000000001,0.0041735899999999996,0.0041823499999999996,0.00419105,0.0041997500000000004,0.0042085100000000004,0.0042172199999999998,0.0042259200000000002,0.0042317600000000002,0.0042404599999999997,0.0042491600000000001,0.00425793,0.0042666300000000004,0.0042753299999999999,0.0042840300000000003,0.0042898700000000003,0.0042985799999999998,0.0043073399999999998,0.0043160400000000002,0.0043247399999999997,0.00433344,0.00434221,0.0043509100000000004,0.0043567199999999997,0.0043654200000000001,0.0043741800000000001,0.0043800000000000002,0.0043886999999999997,0.0044003200000000001,0.0044061300000000003,0.0044177599999999997,0.0044235999999999998,0.0044323000000000001,0.0044409999999999996,0.0044497,0.00445847,0.0044671700000000003,0.0044758699999999998,0.0044846299999999999,0.0044933300000000002,0.0044991500000000004,0.0045107699999999999,0.0045194700000000003,0.0045281699999999998,0.0045340099999999998,0.0045427200000000001,0.0045514800000000001,0.0045601799999999996,0.00456888,0.0045775900000000003,0.0045834300000000003,0.0045921299999999998,0.0046008300000000002,0.0046095900000000002,0.0046154000000000004,0.0046241099999999999,0.0046328100000000002,0.0046444299999999997,0.0046502699999999998,0.0046619000000000001,0.0046677400000000001,0.0046793599999999996,0.0046851699999999998,0.0046967900000000002,0.0047026100000000003,0.0047113099999999998,0.0047200100000000002,0.0047287700000000002,0.0047374699999999997,0.00474618,0.00475202,0.0047607200000000004,0.0047723399999999999,0.00477816,0.0047868600000000004,0.0047956199999999996,0.0048043199999999999,0.0048130200000000003,0.0048246499999999998,0.0048304899999999998,0.0048391900000000002,0.0048478899999999997,0.0048566499999999997,0.00486536,0.0048740600000000004,0.0048827599999999999,0.0048915199999999999,0.0049002300000000002,0.0049089299999999997,0.0049176899999999997,0.0049263900000000001,0.0049350899999999996,0.0049437999999999999,0.0049525599999999999,0.0049612600000000003,0.0049699599999999998,0.0049787199999999998,0.0049874300000000002,0.0049961299999999997,0.0050019699999999997,0.0050106700000000001,0.0050164800000000002,0.0050281099999999997,0.0050339499999999997,0.0050426500000000001,0.0050484600000000003,0.0050571599999999998,0.0050658700000000001,0.0050746300000000001,0.0050833299999999996,0.00509203,0.0051008,0.0051066100000000001,0.0051153099999999996,0.00512401,0.0051327100000000004,0.0051414800000000004,0.0051501799999999999,0.0051588800000000002,0.0051676400000000003,0.0051734499999999996,0.0051792599999999998,0.0051879700000000001,0.0051966699999999996,0.00520537,0.00521413,0.0052228400000000003,0.0052315399999999998,0.0052402999999999998,0.0052490000000000002,0.0052548100000000004,0.0052635199999999998,0.0052722200000000002,0.0052809800000000002,0.0052896799999999997,0.0052955199999999997,0.0053042300000000001,0.0053129300000000004,0.0053187699999999996,0.0053274699999999999,0.0053361700000000003,0.0053449400000000003,0.0053536399999999998,0.0053623400000000002,0.0053710399999999997,0.0053797999999999997,0.00538851,0.0053972100000000004,0.0054059700000000004,0.0054146699999999999,0.0054233800000000002,0.0054292200000000002,0.0054408399999999997,0.0054466499999999999,0.0054553500000000003,0.0054640599999999998,0.0054728199999999998,0.0054815200000000001,0.0054902199999999996,0.00549892,0.00550477,0.0055163900000000004,0.0055222300000000004,0.0055338499999999999,0.0055396600000000001,0.0055483700000000004,0.0055570699999999999,0.0055629099999999999,0.0055716100000000003,0.0055803099999999998,0.0055890799999999997,0.0055977800000000001,0.0056035900000000003,0.0056152099999999998,0.00562102,0.0056297300000000003,0.0056384299999999998,0.0056471899999999998,0.0056558900000000002,0.0056617300000000002,0.0056733599999999997,0.0056791699999999999,0.0056878700000000003,0.0056965699999999998,0.0057024099999999998,0.0057111200000000001,0.0057198199999999996,0.0057285799999999996,0.00573728,0.0057459900000000003,0.0057546899999999998,0.0057605299999999998,0.0057692300000000002,0.0057779900000000002,0.0057866999999999997,0.0057954,0.0058041000000000004,0.0058128600000000004,0.0058215599999999999,0.0058302700000000002,0.0058361100000000003,0.0058477299999999998,0.00585354,0.0058651700000000003,0.0058709799999999996,0.00587968,0.00588844,0.0058942500000000002,0.0059029499999999997,0.00591166,0.0059203600000000004,0.0059291200000000004,0.0059378199999999999,0.0059465300000000002,0.0059552900000000002,0.0059639899999999997,0.0059726900000000001,0.0059813899999999996,0.0059901599999999996,0.0059959699999999998,0.0060046700000000001,0.0060133699999999997,0.0060221299999999997,0.00603084,0.0060395400000000004,0.0060482399999999999,0.0060569999999999999,0.0060657000000000003,0.0060744099999999997,0.0060802499999999997,0.0060889500000000001,0.0060947900000000001,0.0061034899999999996,0.0061121999999999999,0.0061209000000000003,0.0061267400000000003,0.0061354399999999998,0.0061441999999999998,0.00615002,0.0061587200000000003,0.0061674199999999998,0.0061732599999999999,0.0061819600000000002,0.0061906699999999997,0.0061994299999999997,0.0062081300000000001,0.0062139400000000003,0.0062226399999999998,0.0062313500000000001,0.0062401100000000001,0.0062488099999999996,0.0062546499999999996,0.00626627,0.0062720900000000001,0.0062807899999999996,0.00628949,0.0062981900000000004,0.0063069500000000004,0.0063156599999999999,0.0063243600000000002,0.0063302000000000002,0.0063388999999999997,0.0063476100000000001,0.0063563700000000001,0.0063650699999999996,0.00637377,0.00638253,0.0063912400000000003,0.0063999399999999998,0.0064086400000000002,0.0064174000000000002,0.0064232100000000004,0.0064348399999999998,0.00644065,0.0064493500000000004,0.0064580499999999999,0.0064668099999999999,0.0064726300000000001,0.0064813300000000004,0.0064900299999999999,0.0064987899999999999,0.0065074900000000003,0.0065161999999999998,0.0065220399999999998,0.0065307400000000002,0.0065394399999999997,0.00654814,0.00655691,0.0065627200000000002,0.0065743399999999997,0.0065801499999999999,0.0065888500000000003,0.0065975599999999997,0.0066091800000000001,0.0066150200000000001,0.0066237199999999996,0.0066324899999999996,0.0066411899999999999,0.0066498900000000003,0.0066585899999999998,0.0066673499999999998,0.0066760600000000002,0.0066847599999999997,0.0066905999999999997,0.0066993,0.0067080000000000004,0.0067167700000000004,0.0067254699999999999,0.0067341700000000003,0.0067429300000000003,0.0067487399999999996,0.0067574499999999999,0.0067661500000000003,0.0067748499999999998,0.0067836099999999998,0.0067923200000000001,0.0067981300000000003,0.0068068299999999998,0.0068155899999999998,0.0068242900000000002,0.0068329999999999997,0.0068417,0.0068504600000000001,0.0068562700000000002,0.0068649699999999998,0.0068708199999999997,0.0068824400000000001,0.0068882500000000003,0.0068969499999999998,0.0069056600000000001,0.0069143599999999996,0.0069231199999999996,0.00693182,0.0069405300000000003,0.0069492900000000003,0.0069579899999999998,0.0069638,0.0069754200000000004,0.0069812299999999997,0.00699286,0.0069987000000000001,0.0070073999999999996,0.0070160999999999999,0.0070248100000000003,0.0070335700000000003,0.0070422699999999998,0.0070509700000000002,0.0070568100000000002,0.0070684399999999996,0.0070742499999999998,0.0070829500000000002,0.0070916499999999997,0.0071004099999999997,0.00710912,0.0071178200000000004,0.0071265800000000004,0.0071323899999999997,0.0071410900000000001,0.0071498000000000004,0.0071556399999999996,0.00716726,0.0071730700000000001,0.0071817699999999996,0.00719048,0.00719924,0.0072079400000000004,0.0072166399999999999,0.0072253500000000002,0.0072341100000000002,0.0072399200000000004,0.0072486199999999999,0.0072573200000000003,0.0072660900000000002,0.0072719000000000004,0.0072835199999999999,0.0072922200000000003,0.0072980299999999996,0.0073067399999999999,0.0073155,0.0073242000000000003,0.0073328999999999998,0.0073416000000000002,0.0073503700000000002,0.0073590699999999997,0.00736777,0.0073765300000000001,0.0073823400000000003,0.0073910499999999997,0.0073997500000000001,0.0074084499999999996,0.0074172099999999996,0.0074259199999999999,0.0074346200000000003,0.0074404600000000003,0.0074520799999999998,0.00745789,0.0074666000000000003,0.0074752999999999998,0.0074840599999999998,0.0074927600000000002,0.0074986000000000002,0.0075073099999999997,0.0075160100000000001,0.0075218500000000001,0.0075305499999999996,0.0075392499999999999,0.0075480199999999999,0.0075538300000000001,0.0075625299999999996,0.00757123,0.0075799300000000003,0.0075887000000000003,0.0075973999999999998,0.0076061000000000002,0.0076119400000000002,0.0076206399999999997,0.00762935,0.00763811,0.0076468100000000004,0.0076555099999999999,0.0076642100000000003,0.0076729800000000003,0.0076787899999999996,0.0076874899999999999,0.0076961900000000003,0.0077049500000000003,0.0077136599999999998,0.0077223600000000002,0.0077311200000000002,0.0077398199999999997,0.00774853,0.0077572300000000004,0.0077659900000000004,0.0077717999999999997,0.0077834200000000001,0.0077892400000000002,0.0077979399999999997,0.0078066400000000001,0.0078154000000000001,0.0078241000000000005,0.0078299200000000006,0.0078386199999999993,0.0078473199999999996,0.0078560799999999997,0.00786478,0.00787063,0.0078822500000000004,0.0078880600000000006,0.0078967599999999992,0.0079054599999999996,0.0079142299999999995,0.0079229299999999999,0.0079316300000000003,0.0079403300000000007,0.0079461700000000007,0.0079577999999999992,0.0079636099999999994,0.0079752299999999998,0.0079839300000000002,0.0079897800000000001,0.0079984800000000005,0.0080043200000000005,0.0080130199999999992,0.0080217199999999995,0.0080304299999999999,0.0080391899999999999,0.0080478900000000003,0.0080565900000000006,0.0080682199999999992,0.0080740599999999992,0.0080827599999999996,0.00809146,0.00810022,0.0081089300000000003,0.0081147700000000003,0.0081263900000000007,0.0081321999999999992,0.0081408999999999995,0.0081496099999999998,0.0081583699999999999,0.00816418,0.0081728800000000004,0.0081815800000000008,0.0081874200000000008,0.0081961299999999994,0.0082048299999999998,0.0082135300000000001,0.0082222900000000002,0.0082310000000000005,0.0082397000000000008,0.0082455400000000009,0.0082571599999999995,0.0082658599999999999,0.0082717099999999998,0.0082804100000000002,0.0082891100000000006,0.0082978700000000006,0.0083065699999999992,0.0083152799999999995,0.0083239799999999999,0.0083327399999999999,0.0083414400000000003,0.0083472800000000003,0.0083559900000000006,0.0083646899999999993,0.0083733899999999997,0.0083821499999999997,0.00839086,0.0083995600000000004,0.0084054000000000004,0.0084141000000000007,0.0084227999999999994,0.0084315699999999993,0.0084402699999999997,0.0084489700000000001,0.0084576700000000005,0.0084635400000000003,0.0084722500000000006,0.0084809499999999993,0.0084896499999999996,0.0084984099999999996,0.0085042199999999998,0.0085158500000000002,0.0085216600000000003,0.0085303600000000007,0.0085390599999999994,0.0085478199999999994,0.0085565299999999997,0.0085652300000000001,0.0085739300000000004,0.0085826900000000005,0.0085913900000000008,0.0086000999999999994,0.0086088599999999994,0.0086175599999999998,0.0086262600000000002,0.0086349700000000005,0.0086437300000000005,0.0086495400000000007,0.0086582399999999993,0.0086669399999999997,0.0086757099999999997,0.00868441,0.0086931100000000004,0.0087018100000000008,0.0087105700000000008,0.0087192799999999994,0.0087251199999999994,0.0087338199999999998,0.0087425200000000002,0.0087541500000000005,0.0087599900000000005,0.0087686900000000009,0.0087745299999999991,0.0087832299999999995,0.0087890399999999997,0.00879775,0.00880359,0.0088122900000000004,0.0088209900000000008,0.0088297500000000008,0.0088384599999999994,0.0088442699999999996,0.0088529699999999999,0.0088588099999999999,0.0088675100000000003,0.0088762200000000006,0.0088849199999999993,0.0088907900000000008,0.0088994899999999995,0.0089081899999999999,0.0089140299999999999,0.0089227400000000002,0.0089343600000000006,0.0089401700000000008,0.0089459799999999992,0.0089546899999999995,0.0089634499999999995,0.0089721499999999999,0.0089808500000000003,0.0089895500000000007,0.0089983200000000006,0.0090070199999999993,0.0090157199999999996,0.0090215599999999996,0.00903318,0.0090390000000000002,0.0090477000000000005,0.0090563999999999992,0.0090651599999999992,0.0090738599999999996,0.0090825699999999999,0.0090913299999999999,0.0090971400000000001,0.0091058400000000005,0.0091145400000000008,0.0091232499999999994,0.0091320099999999994,0.0091378199999999996,0.00914944,0.0091552500000000002,0.0091668800000000005,0.0091726900000000007,0.0091813899999999993,0.0091900899999999997,0.0091959599999999996,0.0092046699999999999,0.0092133700000000002,0.0092220700000000006,0.0092308300000000006,0.0092366400000000008,0.0092482699999999994,0.0092540799999999996,0.00926278,0.0092714800000000003,0.0092831100000000007,0.0092889500000000007,0.0092976499999999993,0.0093063499999999997,0.0093151099999999997,0.00932382,0.0093325200000000004,0.0093412800000000004,0.0093470900000000006,0.0093557899999999992,0.0093674199999999996,0.0093732299999999998,0.0093819300000000001,0.0093906900000000001,0.0093994000000000005,0.0094052100000000007,0.0094139099999999993,0.0094226099999999997,0.0094313699999999997,0.00944008,0.0094487800000000004,0.0094575400000000004,0.0094633500000000006,0.0094720499999999992,0.0094807599999999995,0.0094894599999999999,0.0094952999999999999,0.0095040000000000003,0.0095127600000000003,0.0095214700000000006,0.0095301699999999993,0.0095388699999999996,0.0095476299999999997,0.00955633,0.0095650400000000003,0.0095738000000000004,0.0095825000000000007,0.0095911999999999994,0.0095970399999999994,0.0096057499999999997,0.0096144500000000001,0.0096232100000000001,0.0096319100000000005,0.0096406200000000008,0.0096464600000000008,0.0096551599999999994,0.0096638599999999998,0.0096725600000000002,0.0096813300000000001,0.0096900300000000005,0.0096958700000000005,0.0097045699999999992,0.0097132699999999995,0.0097219799999999999,0.0097307399999999999,0.0097394400000000002,0.0097481400000000006,0.0097569000000000006,0.0097627200000000008,0.0097714199999999994,0.0097801199999999998,0.0097888200000000002,0.0097975800000000002,0.0098062900000000005,0.0098121300000000005,0.0098208299999999991,0.0098295299999999995,0.0098382299999999999,0.0098469999999999999,0.0098557000000000002,0.0098644000000000006,0.0098702400000000006,0.0098818699999999992,0.0098876799999999994,0.0098992999999999998,0.00990511,0.0099138100000000003,0.0099225200000000006,0.0099312800000000007,0.0099399799999999993,0.0099486799999999997,0.0099574399999999997,0.00996615,0.0099748500000000004,0.0099806900000000004,0.0099923100000000008,0.0099981199999999992,0.0100068,0.0100155,0.0100214,0.0100301,0.010038800000000001,0.010044600000000001,0.0100562,0.010062099999999999,0.0100708,0.0100795,0.0100882,0.010096900000000001,0.0101057,0.010111500000000001,0.010120199999999999,0.0101289,0.0101376,0.0101434,0.0101551,0.0101609,0.010172499999999999,0.0101783,0.010187,0.0101929,0.0102016,0.0102103,0.010219000000000001,0.010227699999999999,0.0102364,0.010245199999999999,0.0102539,0.0102597,0.0102684,0.010277100000000001,0.010285900000000001,0.010294599999999999,0.0103033,0.010312,0.0103207,0.010329400000000001,0.0103353,0.010346899999999999,0.0103556,0.0103614,0.0103731,0.0103818,0.0103876,0.010396300000000001,0.010404999999999999,0.0104137,0.010419599999999999,0.0104283,0.0104399,0.0104457,0.010454400000000001,0.010463099999999999,0.0104718,0.0104806,0.0104864,0.0104951,0.010503800000000001,0.0105126,0.010521300000000001,0.010527099999999999,0.0105387,0.0105445,0.0105562,0.010562,0.010570700000000001,0.010579399999999999,0.0105881,0.010596899999999999,0.0106056,0.0106143,0.010623,0.010631699999999999,0.010637499999999999,0.0106462,0.0106549,0.0106637,0.0106724,0.010681100000000001,0.0106899,0.010698600000000001,0.010704399999999999,0.0107131,0.0107218,0.0107305,0.010739200000000001,0.010748000000000001,0.010753800000000001,0.010762499999999999,0.0107712,0.01078,0.0107858,0.0107945,0.010803200000000001,0.010811899999999999,0.0108177,0.0108264,0.0108352,0.0108468,0.0108526,0.010861300000000001,0.010869999999999999,0.010878799999999999,0.0108875,0.0108962,0.0109049,0.0109108,0.0109195,0.010925300000000001,0.010936899999999999,0.0109456,0.0109543,0.0109631,0.0109689,0.010977600000000001,0.010986299999999999,0.010995,0.0110037,0.0110124,0.011021100000000001,0.0110299,0.011038600000000001,0.011047299999999999,0.011056099999999999,0.0110648,0.0110735,0.0110822,0.011090900000000001,0.0110968,0.011105500000000001,0.011114199999999999,0.0111229,0.0111316,0.011140300000000001,0.011148999999999999,0.011154900000000001,0.011163599999999999,0.0111723,0.011181,0.0111897,0.0111956,0.0112072,0.011213000000000001,0.011221699999999999,0.0112304,0.0112392,0.0112479,0.0112566,0.011265300000000001,0.0112741,0.011282800000000001,0.011291499999999999,0.0112973,0.011306,0.0113147,0.0113235,0.0113293,0.011338000000000001,0.011346699999999999,0.0113554,0.0113641,0.0113729,0.0113816,0.011387400000000001,0.011398999999999999,0.0114048,0.0114135,0.0114223,0.011431,0.011439700000000001,0.011445500000000001,0.011454199999999999,0.0114629,0.011468799999999999,0.0114775,0.0114862,0.011495,0.0115037,0.011512400000000001,0.011521099999999999,0.0115269,0.0115356,0.0115444,0.0115531,0.011561800000000001,0.011570499999999999,0.011576299999999999,0.011585,0.011590899999999999,0.0115996,0.0116083,0.011617000000000001,0.011625699999999999,0.011631499999999999,0.0116402,0.0116489,0.0116577,0.0116664,0.011672200000000001,0.011680899999999999,0.0116896,0.011698399999999999,0.0117071,0.0117129,0.0117216,0.011730300000000001,0.011739100000000001,0.011747799999999999,0.011753599999999999,0.0117623,0.011771,0.0117798,0.0117885,0.011797200000000001,0.011805899999999999,0.0118117,0.011820499999999999,0.0118292,0.0118379,0.011846600000000001,0.011855299999999999,0.011864,0.011872799999999999,0.0118815,0.0118873,0.0118989,0.0119048,0.0119135,0.011922200000000001,0.011930899999999999,0.0119367,0.0119454,0.0119541,0.0119629,0.011971600000000001,0.011980299999999999,0.011989,0.0119977,0.0120036,0.0120152,0.012021,0.012029700000000001,0.012038399999999999,0.0120471,0.0120559,0.0120646,0.0120733,0.0120821,0.012090800000000001,0.012096600000000001,0.012105299999999999,0.012114,0.0121227,0.012131400000000001,0.012140099999999999,0.012148900000000001,0.012157599999999999,0.0121663,0.0121721,0.0121838,0.0121896,0.0121983,0.012207000000000001,0.012215699999999999,0.012224499999999999,0.0122332,0.0122419,0.0122506,0.012259300000000001,0.012267999999999999,0.012276799999999999,0.0122855,0.0122942,0.0123029,0.0123117,0.0123204,0.012329100000000001,0.012337799999999999,0.0123465,0.0123552,0.012363900000000001,0.0123727,0.012381400000000001,0.012390099999999999,0.0123959,0.0124046,0.0124133,0.0124221,0.012430800000000001,0.012436600000000001,0.012445299999999999,0.012454099999999999,0.0124628,0.0124715,0.0124802,0.012486000000000001,0.012494699999999999,0.012506400000000001,0.012515099999999999,0.0125238,0.0125325,0.0125384,0.0125471,0.012555800000000001,0.012564499999999999,0.0125703,0.012579,0.0125877,0.012596400000000001,0.0126023,0.012611000000000001,0.012619699999999999,0.0126255,0.012637199999999999,0.012643,0.0126517,0.0126604,0.012669100000000001,0.012677900000000001,0.012686599999999999,0.0126924,0.0127011,0.0127098,0.012718500000000001,0.0127273,0.012736000000000001,0.012744699999999999,0.0127534,0.012759299999999999,0.0127709,0.0127767,0.012785400000000001,0.012794099999999999,0.0128028,0.012811599999999999,0.0128203,0.012829,0.0128377,0.012843500000000001,0.012852199999999999,0.0128609,0.0128696,0.0128784,0.0128871,0.012895800000000001,0.0129046,0.012913300000000001,0.012921999999999999,0.0129307,0.0129394,0.012948100000000001,0.012956799999999999,0.012965600000000001,0.012974299999999999,0.012983,0.012988899999999999,0.0129976,0.0130092,0.013015000000000001,0.013023699999999999,0.0130324,0.013038299999999999,0.013044099999999999,0.0130557,0.0130644,0.013073100000000001,0.0130819,0.013090600000000001,0.013096399999999999,0.013108,0.0131138,0.0131225,0.0131313,0.013140000000000001,0.013145799999999999,0.0131545,0.0131661,0.0131748,0.0131836,0.0131894,0.013198100000000001,0.013206799999999999,0.013215599999999999,0.0132243,0.013233,0.0132388,0.013247500000000001,0.013253300000000001,0.013265000000000001,0.013273699999999999,0.0132795,0.0132882,0.0132969,0.0133057,0.013314400000000001,0.013320200000000001,0.013328899999999999,0.0133376,0.0133463,0.0133551,0.0133638,0.013372500000000001,0.013381199999999999,0.0133899,0.0133957,0.0134044,0.013413100000000001,0.0134219,0.013430599999999999,0.0134393,0.013448099999999999,0.0134539,0.0134626,0.0134713,0.013480000000000001,0.0134888,0.013497500000000001,0.013506199999999999,0.0135149,0.0135236,0.013532300000000001,0.0135382,0.013546900000000001,0.013555599999999999,0.0135643,0.013573,0.0135817,0.0135876,0.0135963,0.013605000000000001,0.013613699999999999,0.0136224,0.0136312,0.0136399,0.0136486,0.013654400000000001,0.013665999999999999,0.013671900000000001,0.013680599999999999,0.0136893,0.013698,0.0137067,0.013715400000000001,0.013721300000000001,0.013729999999999999,0.0137387,0.0137474,0.0137561,0.013764800000000001,0.013773499999999999,0.013782300000000001,0.013788099999999999,0.0137968,0.0138055,0.0138143,0.013823,0.013831700000000001,0.013837500000000001,0.013849200000000001,0.013857899999999999,0.0138637,0.0138724,0.0138811,0.013889800000000001,0.013898600000000001,0.013907299999999999,0.013913099999999999,0.0139218,0.0139305,0.013939200000000001,0.013948,0.013953800000000001,0.013965399999999999,0.0139712,0.0139799,0.0139886,0.0139945,0.0140032,0.014011900000000001,0.014020599999999999,0.0140264,0.0140381,0.0140439,0.0140526,0.014061300000000001,0.014069999999999999,0.014078800000000001,0.014087499999999999,0.0140962,0.014102,0.0141107,0.014119400000000001,0.014128099999999999,0.014136900000000001,0.014145599999999999,0.0141514,0.0141601,0.0141689,0.0141776,0.014186300000000001,0.014194999999999999,0.0142037,0.014209599999999999,0.0142183,0.014227,0.0142357,0.014244400000000001,0.014253099999999999,0.0142618,0.0142706,0.0142793,0.014288,0.0142968,0.014305500000000001,0.014314199999999999,0.014319999999999999,0.0143287,0.0143345,0.0143432,0.014354799999999999,0.014360700000000001,0.014369399999999999,0.0143781,0.0143868,0.0143956,0.0144043,0.014413,0.014418800000000001,0.014430399999999999,0.014436299999999999,0.014445,0.0144537,0.0144624,0.014471100000000001,0.014479799999999999,0.0144885,0.014494399999999999,0.0145031,0.0145118,0.0145235,0.0145293,0.014538000000000001,0.014543800000000001,0.014552499999999999,0.0145612,0.01457,0.0145787,0.0145874,0.014596100000000001,0.014601899999999999,0.014613599999999999,0.014619399999999999,0.0146281,0.0146368,0.014645500000000001,0.014654199999999999,0.0146629,0.0146716,0.0146775,0.0146862,0.0146949,0.0147066,0.0147124,0.014721100000000001,0.014726899999999999,0.0147385,0.0147443,0.014753,0.014761700000000001,0.014770500000000001,0.014779199999999999,0.0147879,0.014796699999999999,0.0148054,0.0148141,0.0148199,0.014828600000000001,0.014837299999999999,0.014846099999999999,0.0148548,0.0148635,0.0148693,0.014880900000000001,0.0148868,0.014895500000000001,0.014904199999999999,0.0149129,0.0149216,0.014930300000000001,0.014938999999999999,0.014944900000000001,0.014956499999999999,0.0149652,0.014971,0.0149797,0.014988400000000001,0.0149972,0.015005900000000001,0.015014599999999999,0.0150204,0.0150321,0.0150379,0.0150466,0.015055300000000001,0.015063999999999999,0.0150727,0.015081499999999999,0.0150902,0.0150989,0.015107600000000001,0.0151135,0.015125100000000001,0.015130899999999999,0.0151425,0.0151483,0.015157,0.015165700000000001,0.0151716,0.015180300000000001,0.015188999999999999,0.0151977,0.0152064,0.0152123,0.015221,0.015229700000000001,0.015238399999999999,0.015247200000000001,0.015255899999999999,0.0152646,0.0152733,0.015282,0.015287800000000001,0.015296499999999999,0.0153052,0.015313999999999999,0.0153227,0.0153285,0.0153372,0.015346,0.015354700000000001,0.015363399999999999,0.0153721,0.015380899999999999,0.0153896,0.0153983,0.0154041,0.015412800000000001,0.015421499999999999,0.015430299999999999,0.015439,0.0154477,0.0154535,0.015462200000000001,0.015470899999999999,0.015479700000000001,0.015485499999999999,0.0154942,0.0155029,0.0155116,0.0155204,0.015529100000000001,0.015537799999999999,0.0155465,0.0155552,0.0155639,0.015572600000000001,0.0155814,0.015590100000000001,0.015598799999999999,0.0156046,0.0156133,0.015622,0.0156308,0.015639500000000001,0.015648200000000001,0.015657000000000001,0.015662800000000001,0.015671500000000001,0.015680199999999998,0.015688899999999999,0.015697599999999999,0.015706399999999999,0.015712199999999999,0.015720899999999999,0.0157296,0.0157383,0.0157471,0.0157558,0.015764500000000001,0.015773200000000001,0.015779000000000001,0.015787700000000002,0.015796399999999999,0.015805099999999999,0.015810999999999999,0.015819699999999999,0.015828499999999999,0.015837199999999999,0.015842999999999999,0.0158517,0.0158604,0.015869100000000001,0.0158808,0.015886600000000001,0.015895300000000001,0.015904000000000001,0.015912699999999998,0.015921399999999999,0.015930099999999999,0.015938799999999999,0.015947599999999999,0.0159534,0.0159621,0.0159737,0.0159796,0.0159883,0.015997000000000001,0.016002800000000001,0.016014400000000002,0.016020300000000001,0.016029000000000002,0.016037699999999998,0.016043499999999999,0.016055099999999999,0.0160638,0.016072599999999999,0.0160784,0.0160871,0.0160958,0.016104500000000001,0.016113300000000001,0.016122000000000001,0.016127800000000001,0.016139400000000002,0.016148099999999999,0.016154000000000002,0.016162699999999999,0.016171399999999999,0.016177199999999999,0.0161888,0.0161975,0.0162063,0.0162121,0.016223700000000001,0.016229500000000001,0.016238200000000001,0.016246900000000002,0.016252800000000001,0.016261500000000002,0.016270199999999999,0.016278899999999999,0.016287599999999999,0.0162963,0.016305,0.0163138,0.0163225,0.0163284,0.0163371,0.016345800000000001,0.016354500000000001,0.016363200000000001,0.016371900000000002,0.016380599999999999,0.016389399999999998,0.016398099999999999,0.016403899999999999,0.016412599999999999,0.0164213,0.0164301,0.0164388,0.0164446,0.016453300000000001,0.016462000000000001,0.016470700000000001,0.016479500000000001,0.016488200000000001,0.016496899999999998,0.016502699999999999,0.016514399999999999,0.016520199999999999,0.016528899999999999,0.0165376,0.0165463,0.0165521,0.016560800000000001,0.016569500000000001,0.016578300000000001,0.016587000000000001,0.016595700000000001,0.016601600000000001,0.016613200000000002,0.016618999999999998,0.016627699999999999,0.016636399999999999,0.016642199999999999,0.016653899999999999,0.0166597,0.0166684,0.0166771,0.016685800000000001,0.016694500000000001,0.016703200000000001,0.016712000000000001,0.016717800000000001,0.016726499999999998,0.016732299999999999,0.016740999999999999,0.016749799999999999,0.016758499999999999,0.016767199999999999,0.0167759,0.0167847,0.0167905,0.0167992,0.016810800000000001,0.016819500000000001,0.016828300000000001,0.016834100000000001,0.016842800000000002,0.016851499999999998,0.016860199999999999,0.016868899999999999,0.016874799999999999,0.016886399999999999,0.0168922,0.0169009,0.0169096,0.0169184,0.0169271,0.016932900000000001,0.016944500000000001,0.016953200000000002,0.016961899999999999,0.016970599999999999,0.016976499999999999,0.016985199999999999,0.016993899999999999,0.017005599999999999,0.017011399999999999,0.0170201,0.0170288,0.017037500000000001,0.017043300000000001,0.017052000000000001,0.017060800000000001,0.017069500000000001,0.017078200000000002,0.017086899999999999,0.017095599999999999,0.017104299999999999,0.017113099999999999,0.017118899999999999,0.0171276,0.0171363,0.017147900000000001,0.0171538,0.017162500000000001,0.017171200000000001,0.017179900000000001,0.017188599999999998,0.017194500000000001,0.017203199999999998,0.017211899999999999,0.017220599999999999,0.017229299999999999,0.017238,0.0172467,0.0172526,0.0172613,0.017270000000000001,0.0172788,0.017287500000000001,0.017296200000000001,0.017304900000000002,0.017313599999999998,0.017322299999999999,0.017328199999999998,0.017336899999999999,0.017345599999999999,0.0173543,0.017363,0.0173688,0.017377500000000001,0.017386200000000001,0.017395000000000001,0.017403700000000001,0.017412400000000001,0.017421200000000001,0.017427000000000002,0.017435699999999998,0.017444399999999999,0.017455999999999999,0.017461899999999999,0.017470599999999999,0.0174793,0.0174851,0.0174938,0.017502500000000001,0.0175113,0.017517100000000001,0.017525800000000001,0.017534500000000001,0.017543199999999998,0.017551899999999999,0.017560699999999999,0.017569399999999999,0.017578099999999999,0.0175839,0.0175926,0.0176013,0.0176101,0.0176188,0.017627500000000001,0.017636200000000001,0.017642000000000001,0.017650699999999998,0.017659500000000002,0.017665299999999998,0.017676899999999999,0.017682799999999999,0.017691499999999999,0.017700199999999999,0.0177089,0.0177176,0.0177234,0.017732100000000001,0.017740800000000001,0.017749600000000001,0.017758300000000001,0.017764100000000001,0.017772799999999998,0.017781600000000002,0.017790299999999998,0.017798999999999999,0.017807699999999999,0.017813499999999999,0.0178222,0.0178309,0.0178397,0.0178484,0.017854200000000001,0.017862900000000001,0.017871600000000001,0.017880299999999998,0.017889100000000002,0.017897799999999998,0.017903599999999999,0.017912299999999999,0.017921099999999999,0.017926899999999999,0.017935599999999999,0.0179443,0.017953,0.0179618,0.0179705,0.017979200000000001,0.017987900000000001,0.017996600000000001,0.018005299999999998,0.018013999999999999,0.018022799999999999,0.018031499999999999,0.018040199999999999,0.018048999999999999,0.018057699999999999,0.0180664,0.0180751,0.018083800000000001,0.018092500000000001,0.018101200000000001,0.018110000000000001,0.018118700000000001,0.018127399999999998,0.018136099999999999,0.018144899999999999,0.018150699999999999,0.018162299999999999,0.0181681,0.0181768,0.0181855,0.0181943,0.018203,0.018211700000000001,0.018217500000000001,0.018229100000000002,0.018235000000000001,0.018243700000000002,0.018252399999999998,0.018258199999999999,0.018266899999999999,0.018275699999999999,0.018281499999999999,0.0182902,0.0182989,0.0183076,0.018316300000000001,0.0183222,0.018333800000000001,0.018339600000000001,0.018351200000000002,0.018356999999999998,0.018365699999999999,0.018374399999999999,0.018383199999999999,0.018391899999999999,0.018397699999999999,0.018409399999999999,0.0184152,0.0184268,0.0184326,0.018441300000000001,0.018450000000000001,0.018458800000000001,0.018467500000000001,0.018476200000000002,0.018484899999999999,0.018490699999999999,0.018502299999999999,0.018508199999999999,0.018516899999999999,0.0185256,0.0185314,0.0185401,0.018545900000000001,0.018554600000000001,0.018566300000000001,0.018572100000000001,0.018580800000000001,0.018589499999999998,0.018598300000000002,0.018606999999999999,0.018615699999999999,0.018624399999999999,0.0186302,0.0186389,0.0186477,0.0186564,0.0186651,0.018673800000000001,0.018682600000000001,0.018688400000000001,0.018700000000000001,0.018708700000000002,0.018714499999999998,0.018723199999999999,0.018731899999999999,0.0187406,0.018749399999999999,0.0187581,0.0187668,0.0187756,0.0187843,0.018793000000000001,0.018801700000000001,0.018810400000000001,0.018819099999999998,0.018827799999999999,0.018836599999999998,0.018845299999999999,0.018853999999999999,0.0188627,0.018871499999999999,0.0188802,0.018886,0.0188947,0.018903400000000001,0.018912100000000001,0.018920900000000001,0.018926700000000001,0.018938300000000002,0.018946999999999999,0.018955699999999999,0.018964499999999999,0.018970299999999999,0.018978999999999999,0.0189877,0.0189964,0.0190052,0.0190139,0.019022600000000001,0.019028400000000001,0.019037100000000001,0.019043000000000001,0.019054600000000001,0.019060400000000002,0.019071999999999999,0.019077799999999999,0.019086499999999999,0.0190952,0.019103999999999999,0.0191156,0.0191243,0.019133000000000001,0.0191389,0.019147600000000001,0.019156300000000001,0.019165000000000001,0.019170800000000002,0.019179499999999999,0.019188199999999999,0.019194099999999999,0.019205699999999999,0.019211499999999999,0.0192202,0.0192289,0.0192377,0.0192435,0.019252200000000001,0.019260900000000001,0.019269700000000001,0.019278400000000001,0.019287100000000001,0.019295799999999998,0.019301599999999999,0.019310299999999999,0.019319099999999999,0.019327799999999999,0.0193365,0.0193452,0.0193539,0.019362600000000001,0.0193685,0.019377200000000001,0.019385900000000001,0.019391700000000001,0.019403400000000001,0.019409200000000001,0.019420799999999998,0.019429499999999999,0.019438199999999999,0.019443999999999999,0.0194527,0.0194644,0.0194731,0.0194789,0.019490500000000001,0.019496300000000001,0.019505100000000001,0.019513800000000001,0.019522500000000002,0.019531199999999999,0.019539899999999999,0.019545799999999999,0.019554499999999999,0.019566099999999999,0.0195719,0.0195806,0.0195893,0.0195952,0.019606800000000001,0.019612600000000001,0.019621300000000001,0.019630000000000002,0.019635900000000001,0.019647499999999998,0.019653299999999999,0.019661999999999999,0.019670699999999999,0.019676599999999999,0.019685299999999999,0.019694,0.0197027,0.0197114,0.019720100000000001,0.019728800000000001,0.019737600000000001,0.019746300000000001,0.019755000000000002,0.019763800000000002,0.019769599999999998,0.019778299999999999,0.019786999999999999,0.019795699999999999,0.0198044,0.019810299999999999,0.0198219,0.0198277,0.019839300000000001,0.019845100000000001,0.019853800000000001,0.019862500000000002,0.019871300000000001,0.019879999999999998,0.019888699999999999,0.019897499999999999,0.019903299999999999,0.019911999999999999,0.0199207,0.0199294,0.0199381,0.019943900000000001,0.0199527,0.019961400000000001,0.019970100000000001,0.019975900000000001,0.019984600000000002,0.019993299999999999,0.020002099999999998,0.020010799999999999,0.020019499999999999,0.020025299999999999,0.020036999999999999,0.0200428,0.0200544,0.0200631,0.020068900000000001,0.020077600000000001,0.020086300000000001,0.020094999999999998,0.020103800000000002,0.020112499999999998,0.020121199999999999,0.020129999999999999,0.020138699999999999,0.020147399999999999,0.0201532,0.0201648,0.0201735,0.020182200000000001,0.0201881,0.020196800000000001,0.020205500000000001,0.020214300000000001,0.020223000000000001,0.020228800000000002,0.020237499999999999,0.020246199999999999,0.020254899999999999,0.0202636,0.0202723,0.0202782,0.0202869,0.0202956,0.020304300000000001,0.020313100000000001,0.020318900000000001,0.020327600000000001,0.020336300000000002,0.020344999999999999,0.020353799999999998,0.020362499999999999,0.020371199999999999,0.020379899999999999,0.0203857,0.0203974,0.0204061,0.0204119,0.020420600000000001,0.020429300000000001,0.020438000000000001,0.020446700000000002,0.020455399999999999,0.020464199999999998,0.020472899999999999,0.020478699999999999,0.020487399999999999,0.020496199999999999,0.0205049,0.0205136,0.0205223,0.0205311,0.0205398,0.020548500000000001,0.020557200000000001,0.020565900000000002,0.020571699999999998,0.020580399999999999,0.020589099999999999,0.020597899999999999,0.020606599999999999,0.020612399999999999,0.0206211,0.0206298,0.0206386,0.0206473,0.020656000000000001,0.020664700000000001,0.020673500000000001,0.020682200000000001,0.020690900000000002,0.020699599999999999,0.020708299999999999,0.020719999999999999,0.020728699999999999,0.0207374,0.0207461,0.0207548,0.020763500000000001,0.020772200000000001,0.020781000000000001,0.020789700000000001,0.020798400000000002,0.020809999999999999,0.020815899999999998,0.020827499999999999,0.020833299999999999,0.020841999999999999,0.0208507,0.0208595,0.0208682,0.020874,0.020882700000000001,0.020891400000000001,0.020900100000000001,0.020908900000000001,0.020917600000000001,0.020926299999999998,0.020932099999999999,0.020940799999999999,0.020949499999999999,0.020958299999999999,0.020967,0.0209757,0.0209845,0.0209932,0.0210019,0.021007700000000001,0.021016400000000001,0.021025100000000001,0.021036699999999998,0.021042600000000002,0.021051299999999998,0.021057099999999999,0.021065799999999999,0.021074499999999999,0.0210832,0.021092,0.0211007,0.0211065,0.0211182,0.021124,0.021132700000000001,0.021141400000000001,0.021150100000000002,0.021158799999999998,0.021164700000000002,0.021176299999999999,0.021182099999999999,0.021190799999999999,0.0211995,0.021208299999999999,0.021217,0.0212257,0.0212315,0.021240200000000001,0.021248900000000001,0.021257700000000001,0.021263500000000001,0.021275100000000002,0.021280899999999998,0.021289599999999999,0.021298299999999999,0.021307099999999999,0.021315799999999999,0.0213245,0.0213332,0.0213419,0.021350600000000001,0.021359400000000001,0.021368100000000001,0.021376800000000001,0.021385500000000002,0.021394199999999999,0.021402999999999998,0.021408799999999999,0.021417499999999999,0.021426199999999999,0.021434999999999999,0.0214437,0.0214495,0.0214582,0.021466900000000001,0.021475600000000001,0.021484300000000001,0.021493000000000002,0.021501800000000001,0.021507600000000002,0.021516299999999999,0.021524999999999999,0.021533799999999999,0.021542499999999999,0.0215512,0.021557,0.0215657,0.0215715,0.0215832,0.021589000000000001,0.021597700000000001,0.021606400000000001,0.021615100000000002,0.021623900000000001,0.021632599999999998,0.021641299999999999,0.021647099999999999,0.021655799999999999,0.0216674,0.0216733,0.021682,0.0216907,0.021699400000000001,0.0217082,0.021716900000000001,0.021725600000000001,0.021731400000000001,0.021740099999999998,0.021748799999999999,0.021757599999999998,0.021766299999999999,0.021772099999999999,0.021780799999999999,0.0217895,0.0217982,0.0218041,0.0218157,0.021821500000000001,0.021830200000000001,0.021839000000000001,0.021847700000000001,0.021856400000000002,0.021865099999999998,0.021873799999999999,0.021879599999999999,0.021888299999999999,0.021897,0.0219087,0.0219145,0.0219232,0.021931900000000001,0.0219407,0.021949400000000001,0.021961000000000001,0.021966800000000002,0.021975499999999999,0.021984199999999999,0.021992899999999999,0.022001699999999999,0.022010399999999999,0.0220191,0.022024999999999999,0.0220366,0.0220424,0.022054000000000001,0.022059800000000001,0.022068500000000001,0.022077300000000001,0.022083100000000001,0.022091800000000002,0.022100499999999999,0.022109199999999999,0.022117999999999999,0.022126699999999999,0.0221354,0.0221412,0.0221528,0.022158600000000001,0.0221674,0.022176100000000001,0.022181900000000001,0.022190600000000001,0.022199400000000001,0.022208100000000001,0.022216799999999998,0.022222599999999999,0.022234199999999999,0.022239999999999999,0.0222487,0.0222574,0.0222662,0.0222749,0.022283600000000001,0.022292300000000001,0.022298200000000001,0.022306900000000001,0.022315600000000001,0.022324299999999998,0.022332999999999999,0.022341699999999999,0.022350499999999999,0.022356299999999999,0.0223679,0.0223737,0.0223824,0.022391100000000001,0.0223999,0.022408600000000001,0.022414400000000001,0.022426000000000001,0.022431799999999998,0.022440499999999999,0.022449299999999998,0.022457999999999999,0.022466699999999999,0.022472599999999999,0.022481299999999999,0.02249,0.0224987,0.0225074,0.022513200000000001,0.022521900000000001,0.022530600000000001,0.022539400000000001,0.022548100000000001,0.022553900000000002,0.022565499999999999,0.022571399999999998,0.022582999999999999,0.022588799999999999,0.0226004,0.0226062,0.022615,0.0226237,0.0226324,0.022641100000000001,0.022649800000000001,0.022658500000000002,0.022667300000000001,0.022676000000000002,0.022681799999999998,0.022690499999999999,0.022699299999999999,0.022707999999999999,0.022716699999999999,0.0227254,0.0227341,0.022742800000000001,0.022751500000000001,0.022760300000000001,0.022769000000000001,0.022774800000000001,0.022783500000000002,0.022792199999999999,0.022800999999999998,0.022809699999999999,0.022818399999999999,0.022827099999999999,0.0228358,0.0228445,0.0228533,0.022862,0.022867800000000001,0.022876500000000001,0.022885200000000001,0.022894000000000001,0.022902700000000002,0.022908499999999998,0.022917199999999999,0.022922999999999999,0.022931799999999999,0.022943399999999999,0.022949199999999999,0.0229579,0.0229666,0.022975300000000001,0.0229812,0.022989900000000001,0.022998600000000001,0.023007300000000001,0.023015999999999998,0.023024699999999999,0.023033499999999998,0.023042199999999999,0.023050899999999999,0.023059699999999999,0.023068399999999999,0.0230771,0.0230829,0.0230945,0.023100300000000001,0.023109000000000001,0.023117700000000001,0.023126500000000001,0.023135200000000002,0.023140999999999998,0.023149699999999999,0.023158399999999999,0.023167199999999999,0.023175899999999999,0.0231817,0.0231904,0.0231991,0.023207800000000001,0.0232166,0.023225300000000001,0.023234000000000001,0.023242800000000001,0.023251500000000001,0.023257300000000002,0.023265999999999998,0.023274699999999999,0.023280499999999999,0.023289199999999999,0.023297999999999999,0.0233067,0.0233154,0.0233241,0.0233329,0.023341600000000001,0.023350300000000001,0.023359000000000001,0.023367700000000002,0.023376399999999999,0.023385099999999999,0.023393899999999999,0.023402599999999999,0.023408399999999999,0.0234171,0.0234259,0.0234346,0.0234433,0.023452000000000001,0.023460700000000001,0.023469400000000001,0.023478099999999998,0.023484000000000001,0.023495599999999998,0.023501399999999999,0.023510099999999999,0.023518799999999999,0.023527599999999999,0.023533399999999999,0.0235421,0.0235508,0.0235596,0.0235683,0.023577000000000001,0.023585700000000001,0.023594400000000001,0.023600300000000001,0.023609000000000002,0.023617699999999998,0.023626399999999999,0.023635099999999999,0.0236438,0.0236525,0.0236584,0.02367,0.0236758,0.023687400000000001,0.023693200000000001,0.023701900000000001,0.023710700000000001,0.023719400000000002,0.023725199999999998,0.023733899999999999,0.023742599999999999,0.023751399999999999,0.023760099999999999,0.0237688,0.0237746,0.0237833,0.023792000000000001,0.0238008,0.023809500000000001,0.023818200000000001,0.023827000000000001,0.023835700000000001,0.023844400000000002,0.023850199999999998,0.023858899999999999,0.023867599999999999,0.0238763,0.023885099999999999,0.0238909,0.0238996,0.0239083,0.0239171,0.023925800000000001,0.023934500000000001,0.023943200000000001,0.023949000000000002,0.023960700000000001,0.023966500000000002,0.023975199999999999,0.023983899999999999,0.023992599999999999,0.0240013,0.0240071,0.0240188,0.0240275,0.024036200000000001,0.024042000000000001,0.024053600000000001,0.024059500000000001,0.024068200000000001,0.024076899999999998,0.024082699999999999,0.024094399999999998,0.024100199999999999,0.024111799999999999,0.024117599999999999,0.0241263,0.024135,0.0241438,0.0241496,0.024158300000000001,0.024167000000000001,0.024172800000000001,0.024181500000000002,0.024190199999999999,0.024198999999999998,0.024204799999999999,0.024213499999999999,0.024222199999999999,0.0242338,0.0242425,0.0242513,0.0242571,0.024265800000000001,0.024274500000000001,0.024286100000000001,0.024292000000000001,0.024300700000000001,0.024309399999999998,0.024318099999999999,0.024326799999999999,0.024335499999999999,0.024344299999999999,0.024353,0.0243617,0.0243675,0.0243792,0.024387900000000001,0.024396600000000001,0.024402400000000001,0.024411100000000002,0.024419799999999998,0.024428600000000002,0.024437299999999999,0.024445999999999999,0.024454799999999999,0.024463499999999999,0.0244722,0.0244809,0.0244896,0.024498300000000001,0.024507000000000001,0.024512900000000001,0.024521600000000001,0.024530300000000001,0.024538999999999998,0.024547699999999999,0.024556399999999999,0.024565199999999999,0.024573899999999999,0.0245826,0.0245913,0.0246001,0.0246088,0.0246175,0.024626200000000001,0.024634900000000001,0.024640700000000001,0.024652400000000001,0.024658200000000002,0.024669799999999999,0.024675599999999999,0.024684299999999999,0.024693099999999999,0.024701799999999999,0.0247105,0.0247192,0.024727900000000001,0.0247338,0.024742500000000001,0.024751200000000001,0.024759900000000001,0.024768600000000002,0.024774399999999999,0.024783099999999999,0.024791799999999999,0.024800599999999999,0.024809299999999999,0.024818,0.0248268,0.0248355,0.0248413,0.024850000000000001,0.024858700000000001,0.024867500000000001,0.024876200000000001,0.024884900000000001,0.024890700000000002,0.024899399999999999,0.024908099999999999,0.024916899999999999,0.024925599999999999,0.0249343,0.024943,0.0249488,0.024957500000000001,0.024966200000000001,0.024974900000000001,0.024983700000000001,0.024992400000000001,0.025001099999999998,0.025007000000000001,0.025015699999999998,0.025024399999999999,0.025033099999999999,0.025041799999999999,0.0250505,0.0250593,0.025068,0.0250767,0.025085400000000001,0.025094200000000001,0.025102900000000001,0.025108700000000001,0.025117400000000002,0.025126099999999998,0.025134799999999999,0.025140699999999998,0.025152299999999999,0.025158099999999999,0.0251668,0.0251726,0.0251813,0.025193,0.0251988,0.025207500000000001,0.025216200000000001,0.025224900000000001,0.025233700000000001,0.025242400000000002,0.025248199999999998,0.025256899999999999,0.025265599999999999,0.0252743,0.025283099999999999,0.0252918,0.0253005,0.0253092,0.025317900000000001,0.025326600000000001,0.025335300000000002,0.025344100000000001,0.025349900000000002,0.025358599999999999,0.025364500000000002,0.025373199999999999,0.025381899999999999,0.025390599999999999,0.0253964,0.0254051,0.0254139,0.0254226,0.0254313,0.025440000000000001,0.025448700000000001,0.025457400000000002,0.025466200000000001,0.025474900000000002,0.025483599999999999,0.025492299999999999,0.025500999999999999,0.025506899999999999,0.0255185,0.0255243,0.0255301,0.0255388,0.0255476,0.025556300000000001,0.025565000000000001,0.025573700000000001,0.025579500000000002,0.025588199999999998,0.025597000000000002,0.025605699999999999,0.025614399999999999,0.025623099999999999,0.025631899999999999,0.0256406,0.0256464,0.0256551,0.025663800000000001,0.025669600000000001,0.025678300000000001,0.025687000000000001,0.025695699999999998,0.025704500000000002,0.025713199999999999,0.025721899999999999,0.025727799999999999,0.025736499999999999,0.025745199999999999,0.0257539,0.0257626,0.0257684,0.025777100000000001,0.0257859,0.025794600000000001,0.025803300000000001,0.025812000000000002,0.025820800000000001,0.025829499999999998,0.025838199999999999,0.025846899999999999,0.025855599999999999,0.0258614,0.0258731,0.0258789,0.0258876,0.025896300000000001,0.0259051,0.025913800000000001,0.025922500000000001,0.025931200000000001,0.025939899999999998,0.025948599999999999,0.025957299999999999,0.025966099999999999,0.025974799999999999,0.0259835,0.025992299999999999,0.0259981,0.0260068,0.0260155,0.026024200000000001,0.026032900000000001,0.026041600000000002,0.026050299999999998,0.026059100000000002,0.026064899999999998,0.026073599999999999,0.026079399999999999,0.026088099999999999,0.026096899999999999,0.0261056,0.0261143,0.026123,0.026128800000000001,0.026137500000000001,0.026146300000000001,0.026155000000000001,0.026163700000000002,0.026169499999999998,0.026181200000000002,0.026186999999999998,0.026195699999999999,0.026204399999999999,0.026210199999999999,0.0262189,0.0262276,0.0262364,0.0262451,0.026253800000000001,0.026262500000000001,0.026271300000000001,0.026280000000000001,0.026288700000000002,0.026294499999999998,0.026303199999999999,0.026311899999999999,0.026320699999999999,0.026326499999999999,0.0263352,0.0263439,0.0263527,0.0263614,0.0263701,0.026378800000000001,0.026387500000000001,0.026396200000000002,0.026404899999999999,0.026410800000000002,0.026419499999999999,0.026428199999999999,0.026436899999999999,0.0264456,0.0264543,0.0264631,0.0264689,0.026480500000000001,0.026489200000000001,0.026497900000000001,0.026506600000000002,0.026515400000000001,0.026524099999999998,0.026532799999999999,0.026541599999999999,0.026550299999999999,0.026556099999999999,0.0265677,0.0265735,0.0265822,0.026591,0.0265997,0.026611300000000001,0.026617100000000001,0.026625800000000002,0.026634600000000001,0.026643300000000002,0.026651999999999999,0.026657799999999999,0.026666499999999999,0.0266752,0.026681099999999999,0.0266898,0.0266985,0.0267072,0.026715900000000001,0.026724600000000001,0.026733300000000002,0.026742100000000001,0.026750800000000002,0.026759499999999999,0.026768299999999998,0.026774099999999999,0.026782799999999999,0.026791499999999999,0.0268002,0.026808999999999999,0.0268148,0.0268235,0.0268322,0.026840900000000001,0.026849600000000001,0.026855400000000001,0.026864099999999998,0.026872900000000002,0.026881599999999999,0.026890299999999999,0.026898999999999999,0.026907799999999999,0.026913599999999999,0.0269223,0.026931,0.0269398,0.0269485,0.026957200000000001,0.026963000000000001,0.026974600000000001,0.026980400000000002,0.026989099999999999,0.026997799999999999,0.027006599999999999,0.027012399999999999,0.027023999999999999,0.0270298,0.027038599999999999,0.0270473,0.027056,0.027064700000000001,0.027070500000000001,0.027079200000000001,0.027087900000000002,0.027096700000000001,0.027105400000000002,0.027114099999999999,0.027122899999999998,0.027131599999999999,0.027140299999999999,0.027146099999999999,0.0271577,0.0271635,0.027172200000000001,0.027180900000000001,0.027189700000000001,0.027198400000000001,0.027207100000000001,0.027215799999999998,0.027221700000000001,0.027230399999999998,0.027239099999999999,0.027244899999999999,0.027253599999999999,0.0272623,0.027271,0.0272798,0.0272856,0.027297200000000001,0.027305900000000001,0.027311800000000001,0.027320500000000001,0.027329200000000001,0.027337899999999998,0.027343699999999999,0.027355399999999998,0.027361199999999999,0.027372799999999999,0.027378599999999999,0.0273873,0.027396,0.027404700000000001,0.0274135,0.027419300000000001,0.027428000000000001,0.027436700000000001,0.027445500000000001,0.027454200000000002,0.027462899999999998,0.027471599999999999,0.027477399999999999,0.027489,0.0274977,0.0275036,0.0275123,0.0275181,0.0275298,0.0275356,0.027544300000000001,0.027553000000000001,0.027561700000000001,0.027567500000000002,0.027576199999999999,0.027584899999999999,0.027593599999999999,0.027599499999999999,0.027608199999999999,0.027616999999999999,0.0276257,0.0276344,0.0276402,0.027648900000000001,0.027657600000000001,0.027666300000000001,0.027675100000000001,0.027683800000000001,0.027692499999999998,0.027698299999999999,0.027706999999999999,0.027715699999999999,0.027721599999999999,0.027730299999999999,0.027739,0.0277448,0.0277535,0.027762200000000001,0.027770900000000001,0.027779700000000001,0.027788400000000001,0.027797100000000002,0.027805900000000001,0.027814599999999998,0.027823299999999999,0.027831999999999999,0.027840699999999999,0.0278494,0.0278581,0.0278669,0.0278727,0.027881400000000001,0.027890100000000001,0.027896000000000001,0.027907600000000001,0.027913400000000001,0.027922099999999998,0.027930799999999999,0.027939599999999998,0.027948299999999999,0.027956999999999999,0.0279657,0.0279715,0.0279802,0.027988900000000001,0.0279977,0.028006400000000001,0.028015100000000001,0.028023900000000001,0.028032600000000001,0.028041300000000002,0.028049999999999999,0.028058699999999999,0.028067399999999999,0.028073299999999999,0.028081999999999999,0.0280907,0.0280994,0.0281081,0.028116800000000001,0.0281227,0.028134300000000001,0.028140100000000001,0.028148800000000002,0.028157499999999999,0.028166199999999999,0.028174999999999999,0.028180799999999999,0.028189499999999999,0.0281982,0.028206999999999999,0.0282157,0.0282244,0.028233100000000001,0.028241800000000001,0.028250500000000001,0.028259200000000002,0.028268000000000001,0.028276699999999998,0.028285399999999999,0.028291199999999999,0.028302899999999999,0.028308699999999999,0.0283174,0.0283261,0.0283348,0.028343500000000001,0.0283494,0.028361000000000001,0.028366800000000001,0.028375500000000001,0.028384199999999998,0.028392899999999999,0.028401699999999998,0.028410399999999999,0.028419099999999999,0.028427899999999999,0.028433699999999999,0.0284424,0.0284511,0.0284598,0.028468500000000001,0.028477200000000001,0.028485900000000001,0.028491800000000001,0.028503400000000002,0.028512099999999999,0.028517899999999999,0.028526599999999999,0.0285353,0.028544099999999999,0.0285528,0.0285615,0.0285702,0.028579,0.028587700000000001,0.028593500000000001,0.028605100000000001,0.028611000000000001,0.028619700000000001,0.028628399999999998,0.028637099999999999,0.028645799999999999,0.028654499999999999,0.0286632,0.028669099999999999,0.0286778,0.0286865,0.028695200000000001,0.028703900000000001,0.028712600000000001,0.028721300000000002,0.028730100000000001,0.028738799999999998,0.028747499999999999,0.028756299999999999,0.028762099999999999,0.028773699999999999,0.0287795,0.0287882,0.0287969,0.028808500000000001,0.028817300000000001,0.028826000000000001,0.028831800000000001,0.028843400000000002,0.028849300000000001,0.028858000000000002,0.028866699999999999,0.028875399999999999,0.028884199999999999,0.028889999999999999,0.028898699999999999,0.0289074,0.0289132,0.028924800000000001,0.028933500000000001,0.028939400000000001,0.028948100000000001,0.028956800000000001,0.028965500000000002,0.028974199999999999,0.028982899999999999,0.028991699999999999,0.029000399999999999,0.029006199999999999,0.0290149,0.0290236,0.0290295,0.0290411,0.0290469,0.029052700000000001,0.029061400000000001,0.029070100000000001,0.029078900000000001,0.029087600000000002,0.029093399999999998,0.029104999999999999,0.029110899999999999,0.029119599999999999,0.029128299999999999,0.029137,0.0291457,0.0291544,0.029163100000000001,0.029171900000000001,0.029180600000000001,0.029189300000000001,0.029198000000000002,0.029206800000000002,0.029215499999999998,0.029221299999999999,0.029229999999999999,0.029238699999999999,0.0292474,0.0292562,0.0292649,0.0292736,0.029279400000000001,0.029288100000000001,0.029296800000000001,0.029305600000000001,0.029314300000000001,0.029322999999999998,0.029331699999999999,0.029340499999999999,0.029349199999999999,0.029357899999999999,0.0293666,0.0293724,0.0293841,0.0293899,0.0293986,0.029407300000000001,0.029413100000000001,0.029424700000000002,0.029430499999999998,0.029439300000000002,0.029447999999999998,0.029456699999999999,0.029465399999999999,0.029471299999999999,0.029479999999999999,0.0294887,0.0294974,0.0295061,0.029511900000000001,0.029520600000000001,0.029529300000000001,0.029535200000000001,0.029543900000000001,0.029552599999999998,0.029558399999999999,0.029567099999999999,0.029575799999999999,0.029584599999999999,0.029593299999999999,0.029602,0.0296108,0.0296195,0.0296282,0.029636900000000001,0.029645600000000001,0.029651400000000001,0.029660099999999998,0.029668799999999999,0.029677599999999998,0.029686299999999999,0.029694999999999999,0.029703799999999999,0.029712499999999999,0.0297212,0.0297299,0.0297386,0.029747300000000001,0.029756100000000001,0.029761900000000001,0.029770600000000001,0.029779300000000002,0.029785099999999998,0.029793799999999999,0.029802499999999999,0.029811299999999999,0.029819999999999999,0.0298287,0.029837499999999999,0.0298462,0.0298549,0.0298607,0.029869400000000001,0.029878100000000001,0.029886900000000001,0.029895600000000001,0.029904300000000002,0.029910099999999998,0.029918799999999999,0.029924599999999999,0.029933299999999999,0.029939199999999999,0.0299479,0.0299566,0.0299654,0.0299712,0.0299799,0.029988600000000001,0.029997300000000001,0.030006000000000001,0.030014699999999998,0.030023399999999999,0.030032199999999998,0.030040899999999999,0.030046699999999999,0.0300583,0.0300641,0.0300728,0.0300816,0.0300903,0.030099000000000001,0.030107700000000001,0.030116500000000001,0.030122300000000001,0.030131000000000002,0.030139699999999998,0.030148500000000002,0.030157199999999999,0.030165899999999999,0.030174599999999999,0.0301833,0.0301891,0.0301978,0.030206500000000001,0.0302153,0.030224000000000001,0.030232700000000001,0.030241400000000002,0.030250200000000001,0.030256000000000002,0.030264699999999999,0.030273399999999999,0.030282199999999999,0.030290899999999999,0.030296699999999999,0.0303054,0.0303141,0.0303258,0.0303316,0.030340300000000001,0.030346100000000001,0.030354800000000001,0.030363500000000002,0.030372199999999999,0.030380899999999999,0.030389599999999999,0.030395499999999999,0.030404199999999999,0.0304129,0.030421699999999999,0.0304304,0.0304391,0.030447800000000001,0.030456500000000001,0.030465200000000001,0.030473900000000002,0.030482700000000001,0.030491399999999998,0.030500099999999999,0.030508899999999999,0.030517599999999999,0.030526299999999999,0.030535,0.0305408,0.0305495,0.0305583,0.030567,0.030575700000000001,0.030581500000000001,0.030590200000000001,0.030598899999999998,0.030607599999999999,0.030616399999999998,0.030622199999999999,0.030630899999999999,0.030639599999999999,0.0306454,0.0306571,0.0306629,0.0306716,0.030680300000000001,0.030689000000000001,0.030697700000000001,0.030706399999999998,0.030715200000000002,0.030723899999999998,0.030732599999999999,0.030741399999999999,0.030747199999999999,0.030755899999999999,0.0307646,0.0307733,0.0307821,0.0307879,0.0307966,0.030805300000000001,0.030814000000000001,0.030822700000000001,0.030831399999999998,0.030840099999999999,0.030848899999999999,0.030857599999999999,0.030866299999999999,0.030875099999999999,0.030883799999999999,0.0308925,0.0309012,0.030907,0.030918600000000001,0.030924500000000001,0.030936100000000001,0.030941900000000001,0.030950600000000002,0.030959299999999999,0.030965199999999998,0.030976799999999999,0.030982599999999999,0.030991299999999999,0.031,0.0310058,0.0310145,0.031023200000000001,0.031032000000000001,0.031040700000000001,0.031049400000000001,0.031058200000000001,0.031064000000000001,0.031072700000000002,0.031081399999999999,0.031090099999999999,0.031098899999999999,0.031107599999999999,0.0311163,0.031125,0.0311337,0.031139500000000001,0.0311512,0.031157000000000001,0.031165700000000001,0.031174400000000001,0.031180200000000002,0.031188899999999999,0.031197599999999999,0.031206399999999999,0.031215099999999999,0.031223799999999999,0.0312325,0.0312413,0.03125,0.0312587,0.031267400000000001,0.031276100000000001,0.031284899999999997,0.031290699999999998,0.031299399999999998,0.031308099999999998,0.031316799999999999,0.031325600000000002,0.031331400000000002,0.031340100000000003,0.031348800000000003,0.031354600000000003,0.031363299999999997,0.0313692,0.0313779,0.031386600000000001,0.031395300000000001,0.031401100000000001,0.031409800000000002,0.031418599999999998,0.031427299999999998,0.031435999999999999,0.031444699999999999,0.031453399999999999,0.031465100000000003,0.031470900000000003,0.031479600000000003,0.031488299999999997,0.031496999999999997,0.031505699999999998,0.031511600000000001,0.031523200000000001,0.031531900000000002,0.031540600000000002,0.031546499999999998,0.031555199999999999,0.031563899999999999,0.031572599999999999,0.0315813,0.03159,0.0315987,0.031604599999999997,0.031613299999999997,0.031621999999999997,0.031630699999999998,0.031639399999999998,0.031648099999999998,0.031656900000000002,0.031662700000000002,0.031674300000000002,0.031680100000000003,0.031691799999999999,0.031697599999999999,0.0317063,0.031715,0.031723700000000001,0.031732499999999997,0.031741199999999997,0.031746999999999997,0.031755699999999998,0.031764399999999998,0.031773099999999999,0.031781900000000002,0.031790600000000002,0.031799300000000003,0.031808000000000003,0.031813800000000003,0.031822499999999997,0.031831199999999997,0.03184,0.031848700000000001,0.031857400000000001,0.031866100000000001,0.031874899999999998,0.031883599999999998,0.031892299999999998,0.031900999999999999,0.031909699999999999,0.0319184,0.031924300000000003,0.031933000000000003,0.031941700000000003,0.031950399999999997,0.0319592,0.031965,0.031970800000000001,0.031982400000000001,0.031988200000000001,0.031996900000000002,0.032005600000000002,0.032011499999999998,0.032023099999999999,0.032028899999999999,0.032037599999999999,0.032046400000000003,0.032055100000000003,0.032063800000000003,0.032069599999999997,0.032081199999999997,0.032089899999999998,0.032098599999999998,0.032107299999999998,0.032113200000000001,0.032121900000000002,0.032133500000000002,0.032139300000000003,0.032148099999999999,0.032156799999999999,0.0321655,0.0321742,0.0321829,0.032191699999999997,0.032200399999999997,0.032209099999999997,0.032217799999999998,0.032223599999999998,0.032232299999999998,0.032241100000000002,0.032249800000000002,0.032258500000000002,0.032267200000000003,0.032273000000000003,0.0322847,0.0322905,0.0322992,0.032307900000000001,0.032316600000000001,0.032322499999999997,0.032331199999999997,0.032339899999999998,0.032348599999999998,0.032357299999999999,0.032365999999999999,0.032374800000000002,0.032383500000000003,0.032392200000000003,0.032398000000000003,0.032406699999999997,0.032415399999999997,0.0324242,0.032432900000000001,0.032441600000000001,0.032450300000000001,0.032459099999999998,0.032467799999999998,0.032476499999999998,0.032482299999999999,0.032493899999999999,0.032499699999999999,0.032508500000000003,0.032517200000000003,0.032525900000000003,0.032534599999999997,0.032543299999999997,0.0325521,0.032563700000000001,0.032569500000000001,0.032575300000000001,0.032584000000000002,0.032589800000000002,0.032598500000000002,0.032604399999999999,0.032613099999999999,0.032618899999999999,0.0326276,0.0326363,0.032645,0.032650899999999997,0.032659599999999997,0.032668299999999997,0.0326742,0.032685800000000001,0.032691600000000001,0.032700300000000002,0.032709000000000002,0.032717700000000002,0.032723599999999999,0.032732299999999999,0.032740999999999999,0.0327497,0.0327584,0.0327671,0.032772900000000001,0.032781600000000001,0.032790399999999997,0.032799099999999998,0.032807799999999998,0.032816499999999998,0.032822400000000002,0.032831100000000002,0.032839800000000002,0.032848500000000003,0.032857200000000003,0.032863099999999999,0.0328718,0.0328805,0.0328892,0.032897900000000001,0.032906600000000001,0.032912499999999997,0.032921199999999998,0.032929899999999998,0.032938599999999998,0.032947400000000002,0.032956100000000002,0.032964800000000002,0.032973500000000003,0.032982200000000003,0.032990899999999997,0.032999599999999997,0.0330055,0.033017100000000001,0.033022900000000001,0.033031600000000001,0.033040399999999998,0.033049099999999998,0.033057799999999998,0.033066499999999999,0.033075199999999999,0.033083899999999999,0.0330926,0.033098500000000003,0.033107200000000003,0.033115899999999997,0.033124599999999997,0.033133299999999997,0.033141999999999998,0.033150800000000001,0.033159500000000001,0.033168200000000002,0.033174099999999998,0.033185699999999999,0.033191499999999999,0.033200199999999999,0.0332089,0.0332147,0.0332234,0.033232100000000001,0.033237999999999997,0.033246699999999997,0.033255399999999997,0.033261199999999998,0.033269899999999998,0.033278700000000001,0.033287400000000002,0.033296100000000002,0.033301900000000002,0.033313599999999999,0.033319399999999999,0.033331,0.0333397,0.0333484,0.033357199999999997,0.033365899999999997,0.033371699999999997,0.033380399999999998,0.033389099999999998,0.033395000000000001,0.033403700000000001,0.033412400000000002,0.033421100000000002,0.033429800000000003,0.033438500000000003,0.033447200000000003,0.033456,0.0334647,0.0334734,0.033482100000000001,0.033487900000000001,0.033496600000000001,0.033505300000000002,0.033514099999999998,0.033522799999999998,0.033531499999999999,0.033540300000000002,0.033546100000000002,0.033554800000000003,0.033563500000000003,0.033569300000000003,0.033577999999999997,0.033586699999999997,0.0335955,0.033604200000000001,0.033612900000000001,0.033621600000000001,0.033630399999999998,0.033639099999999998,0.033644899999999998,0.033653599999999999,0.033662299999999999,0.033671,0.033679800000000003,0.033688500000000003,0.033697199999999997,0.033705899999999997,0.033714599999999997,0.033723299999999998,0.033731999999999998,0.033740800000000001,0.033746600000000002,0.033755300000000002,0.033764000000000002,0.033772799999999999,0.033781499999999999,0.033790199999999999,0.033796,0.033807700000000003,0.033816400000000003,0.033822199999999997,0.033830899999999997,0.033839599999999997,0.033848299999999998,0.033854099999999998,0.033862799999999998,0.033871600000000002,0.033880300000000002,0.033889000000000002,0.033894899999999999,0.033903599999999999,0.033912299999999999,0.0339181,0.0339268,0.0339355,0.033944299999999997,0.033952999999999997,0.033961699999999997,0.033970399999999998,0.033979099999999998,0.033984899999999998,0.033993700000000002,0.034002400000000002,0.034011100000000002,0.034019800000000003,0.034028500000000003,0.034034399999999999,0.034046,0.0340518,0.0340605,0.034069200000000001,0.034077999999999997,0.034086699999999998,0.034092499999999998,0.034104099999999998,0.034109899999999999,0.034118599999999999,0.034127400000000002,0.034139000000000003,0.034144800000000003,0.034156400000000003,0.034162199999999997,0.034170899999999997,0.034179599999999997,0.034188400000000001,0.034197100000000001,0.034205800000000001,0.034214500000000002,0.034220399999999998,0.034229099999999998,0.034237799999999999,0.034246499999999999,0.0342552,0.034261100000000003,0.034269800000000003,0.034278500000000003,0.034284299999999997,0.034292999999999997,0.034301699999999997,0.034310500000000001,0.034319200000000001,0.034327900000000001,0.034336600000000002,0.034345300000000002,0.034354000000000003,0.034362799999999999,0.034371499999999999,0.0343802,0.0343889,0.0343976,0.034406399999999997,0.034415099999999997,0.034420899999999997,0.034429599999999998,0.034438400000000001,0.034447100000000001,0.034455800000000002,0.034464500000000002,0.034470300000000002,0.034479000000000003,0.034487700000000003,0.034496499999999999,0.0345023,0.034511,0.0345197,0.034528499999999997,0.034537199999999997,0.034545899999999997,0.034554599999999998,0.034563299999999998,0.034571999999999999,0.034580699999999999,0.034586600000000002,0.034595300000000002,0.034604000000000003,0.034612700000000003,0.034618500000000003,0.034627199999999997,0.034635899999999997,0.0346447,0.034653400000000001,0.034662100000000001,0.034670800000000002,0.034676699999999998,0.034685399999999998,0.034694099999999999,0.034702799999999999,0.034711600000000002,0.034717400000000002,0.034726100000000003,0.034734800000000003,0.034743499999999997,0.034752199999999997,0.034760899999999997,0.034769599999999998,0.034778400000000001,0.034784200000000001,0.034792900000000002,0.034804500000000002,0.034810399999999998,0.034821999999999999,0.034830699999999999,0.034836499999999999,0.0348452,0.0348539,0.034862700000000003,0.034871399999999997,0.034877199999999997,0.034885899999999997,0.034894599999999998,0.034906300000000001,0.034912100000000001,0.034920800000000002,0.034929500000000002,0.034935300000000002,0.034944000000000003,0.034955699999999999,0.0349615,0.0349702,0.0349789,0.034987699999999997,0.034996399999999997,0.035005099999999997,0.035013799999999998,0.035022499999999998,0.035031199999999998,0.035037100000000002,0.035045800000000002,0.035051600000000002,0.035063200000000003,0.035069000000000003,0.035080699999999999,0.0350894,0.0350981,0.0351039,0.035112600000000001,0.035121300000000001,0.035130000000000002,0.035138799999999998,0.035147499999999998,0.035156199999999999,0.035165000000000002,0.035173700000000002,0.035179500000000002,0.035188200000000003,0.035196900000000003,0.035205699999999999,0.0352144,0.0352231,0.0352289,0.035237600000000001,0.035246300000000001,0.035252100000000001,0.035260800000000002,0.035269500000000002,0.035278299999999999,0.035284099999999999,0.035295699999999999,0.035301600000000002,0.035310300000000003,0.035319000000000003,0.035324800000000003,0.035333499999999997,0.035342199999999997,0.0353481,0.035356800000000001,0.035365500000000001,0.035371300000000001,0.035380000000000002,0.035388700000000002,0.035394599999999998,0.035403299999999999,0.035411999999999999,0.035420699999999999,0.0354294,0.0354352,0.035444000000000003,0.035452699999999997,0.035461399999999997,0.035467199999999997,0.035475899999999998,0.035484599999999998,0.035493400000000001,0.035502100000000002,0.035510800000000002,0.035519500000000002,0.035528299999999999,0.035536999999999999,0.0355457,0.0355544,0.0355631,0.035571800000000001,0.035580500000000001,0.035586399999999997,0.035595099999999998,0.035603799999999998,0.035612499999999998,0.035621199999999999,0.035629899999999999,0.035638700000000002,0.035644500000000003,0.035653200000000003,0.035661900000000003,0.0356707,0.0356794,0.0356881,0.035696800000000001,0.035705599999999997,0.035714299999999997,0.035720099999999998,0.035728799999999998,0.035737499999999998,0.035746199999999999,0.035755000000000002,0.035760800000000002,0.035772400000000003,0.035781100000000003,0.035789799999999997,0.035795599999999997,0.035804299999999997,0.0358131,0.035821800000000001,0.035827600000000001,0.035836300000000001,0.035845000000000002,0.035853799999999998,0.035862499999999999,0.035871199999999999,0.035879899999999999,0.035888700000000003,0.035897400000000003,0.035903200000000003,0.035911899999999997,0.035920599999999997,0.035929299999999997,0.035938100000000001,0.035946800000000001,0.035955500000000001,0.035964200000000002,0.035972900000000002,0.035981600000000002,0.035987499999999999,0.035996199999999999,0.036004899999999999,0.0360136,0.036022400000000003,0.036031100000000003,0.036039799999999997,0.036048499999999997,0.036057199999999998,0.036065899999999998,0.036074599999999998,0.036080500000000001,0.036089200000000002,0.036097900000000002,0.036109500000000003,0.036115399999999999,0.036126999999999999,0.0361328,0.0361444,0.0361502,0.036158900000000001,0.036167600000000001,0.036176399999999997,0.036185099999999998,0.036190899999999998,0.036202499999999999,0.036208400000000002,0.036220000000000002,0.036225800000000002,0.036234500000000003,0.036243200000000003,0.036251899999999997,0.0362607,0.0362665,0.036278100000000001,0.036283900000000001,0.036292600000000001,0.036301300000000002,0.036310099999999998,0.036318799999999998,0.036324599999999999,0.036333299999999999,0.036342100000000002,0.036350800000000003,0.036359500000000003,0.036368200000000003,0.036376899999999997,0.0363828,0.0363915,0.036400200000000001,0.036408900000000001,0.036417600000000001,0.036426300000000002,0.036432199999999998,0.036440899999999998,0.036449599999999999,0.036458299999999999,0.036464099999999999,0.0364728,0.0364815,0.036490300000000003,0.036498999999999997,0.036504799999999997,0.036513499999999997,0.036522199999999998,0.036531000000000001,0.036539700000000001,0.036548400000000002,0.036557100000000002,0.036565899999999998,0.036574599999999999,0.036580399999999999,0.036592,0.0366007,0.0366065,0.036615200000000001,0.036623900000000001,0.036632699999999997,0.036641399999999998,0.036650099999999998,0.036658900000000001,0.036667600000000002,0.036676300000000002,0.036685000000000002,0.036690800000000003,0.036702400000000003,0.036711100000000003,0.0367199,0.0367315,0.036737300000000001,0.036746000000000001,0.036754700000000001,0.036763499999999998,0.036772199999999998,0.036780899999999998,0.036789599999999999,0.036798400000000002,0.036804200000000002,0.036812900000000003,0.036821600000000003,0.036830399999999999,0.036836199999999999,0.0368449,0.0368536,0.036862300000000001,0.036871000000000001,0.036879700000000001,0.036888400000000002,0.036897199999999998,0.036905899999999998,0.036914599999999999,0.036923299999999999,0.036932100000000002,0.036940800000000003,0.036946600000000003,0.036955300000000003,0.036963999999999997,0.0369699,0.0369786,0.036987300000000001,0.036998900000000001,0.037004700000000001,0.037013400000000002,0.037022100000000002,0.037030899999999999,0.037039599999999999,0.037045399999999999,0.0370541,0.037062900000000003,0.037071600000000003,0.037080299999999997,0.037088999999999997,0.037097699999999997,0.037106399999999998,0.037112300000000001,0.037121000000000001,0.037129700000000002,0.037138400000000002,0.037147100000000002,0.037155800000000003,0.037161699999999999,0.037170399999999999,0.0371791,0.0371878,0.0371965,0.037205200000000001,0.037213999999999997,0.037219799999999997,0.037228499999999998,0.037237199999999998,0.037246000000000001,0.037254700000000002,0.037263400000000002,0.037272100000000002,0.037280800000000003,0.037289500000000003,0.0372983,0.037307,0.0373128,0.037324400000000001,0.037330299999999997,0.037338999999999997,0.037347699999999998,0.037356399999999998,0.037365099999999998,0.037370899999999999,0.037379599999999999,0.037388299999999999,0.037397100000000003,0.037405800000000003,0.037411600000000003,0.037423199999999997,0.0374291,0.0374378,0.037446500000000001,0.037455200000000001,0.037463999999999997,0.037472699999999998,0.037481399999999998,0.037487199999999998,0.037495899999999999,0.037504599999999999,0.037513400000000002,0.037522100000000003,0.037530800000000003,0.037539500000000003,0.037545299999999997,0.037553999999999997,0.0375628,0.037574400000000001,0.037580200000000001,0.037588900000000001,0.037597600000000002,0.037606300000000002,0.037612199999999998,0.037620899999999999,0.037629599999999999,0.0376383,0.037647100000000003,0.037652900000000003,0.037661600000000003,0.037670299999999997,0.037676099999999997,0.037684799999999997,0.037693499999999998,0.037702300000000001,0.037711000000000001,0.037719700000000002,0.037725500000000002,0.037737100000000003,0.037742999999999999,0.037751699999999999,0.0377604,0.0377691,0.0377778,0.037786500000000001,0.037795299999999997,0.037801099999999997,0.037809799999999998,0.037818499999999998,0.037827199999999998,0.037836000000000002,0.037841800000000002,0.037850500000000002,0.037859200000000003,0.037867999999999999,0.037873799999999999,0.0378825,0.0378912,0.0378999,0.037908600000000001,0.037917300000000001,0.037923199999999997,0.037931899999999998,0.037940599999999998,0.037949299999999998,0.037957999999999999,0.037963900000000002,0.037975500000000002,0.037981300000000003,0.037990000000000003,0.037998700000000003,0.0380075,0.0380162,0.0380249,0.038033600000000001,0.038042300000000001,0.038051000000000001,0.038056899999999998,0.038065599999999998,0.038074299999999998,0.038082999999999999,0.038091699999999999,0.038097499999999999,0.038106300000000003,0.038115000000000003,0.038123700000000003,0.038132399999999997,0.038141099999999997,0.038147,0.038155700000000001,0.038164400000000001,0.038173100000000001,0.038181800000000002,0.038190500000000002,0.038199200000000003,0.038207999999999999,0.038216699999999999,0.0382225,0.0382312,0.0382399,0.038248600000000001,0.038257399999999997,0.038266099999999997,0.038274799999999998,0.038283600000000001,0.038289400000000001,0.038298100000000002,0.038306800000000002,0.038315500000000002,0.038324299999999999,0.038332999999999999,0.038341699999999999,0.0383504,0.0383591,0.0383649,0.038373600000000001,0.038382300000000001,0.038391099999999997,0.038399799999999998,0.038408499999999998,0.038414299999999998,0.038423100000000002,0.038431800000000002,0.038440500000000002,0.038449200000000003,0.038457900000000003,0.038463799999999999,0.0384754,0.0384812,0.038489900000000001,0.038498600000000001,0.038507399999999997,0.038513199999999997,0.038524799999999998,0.038533499999999998,0.038539299999999999,0.038551000000000002,0.038556800000000002,0.038568400000000003,0.038574200000000003,0.038582900000000003,0.038591599999999997,0.0386004,0.0386091,0.038620700000000001,0.038626500000000001,0.038638100000000002,0.038643900000000002,0.038652600000000002,0.038661399999999999,0.038670099999999999,0.038678799999999999,0.038684700000000002,0.038693400000000003,0.038702100000000003,0.038710799999999997,0.038719499999999997,0.038728199999999997,0.038736899999999998,0.038745700000000001,0.038754400000000001,0.038763100000000002,0.038771899999999998,0.038780599999999998,0.038789299999999999,0.038797999999999999,0.0388067,0.0388125,0.0388212,0.038827100000000003,0.038838699999999997,0.038847399999999997,0.038856099999999998,0.038861899999999998,0.038870700000000001,0.038879400000000001,0.038888100000000002,0.038896800000000002,0.038905500000000003,0.038914200000000003,0.038920099999999999,0.0389288,0.0389375,0.0389462,0.038954900000000001,0.038960799999999997,0.038969499999999997,0.038978199999999998,0.038986899999999998,0.038998499999999998,0.039004299999999999,0.039012999999999999,0.039018900000000002,0.039027600000000003,0.039039200000000003,0.039045099999999999,0.0390538,0.0390625,0.0390712,0.039079900000000001,0.039088600000000001,0.039097300000000001,0.039106099999999998,0.039114799999999998,0.039123499999999999,0.039132199999999999,0.039138100000000002,0.039146800000000002,0.039155500000000003,0.039164200000000003,0.039172899999999997,0.039178699999999997,0.0391904,0.0391962,0.039204900000000001,0.039213600000000001,0.039222300000000002,0.039228199999999998,0.039236899999999998,0.039245599999999999,0.039254299999999999,0.039262999999999999,0.0392688,0.0392775,0.0392862,0.039294999999999997,0.039303699999999997,0.039312399999999997,0.0393183,0.039329900000000001,0.039335700000000001,0.039344400000000002,0.039353100000000002,0.039358900000000002,0.039370599999999999,0.039376399999999999,0.039385099999999999,0.0393938,0.0394025,0.0394112,0.039419900000000001,0.039428699999999997,0.039437399999999997,0.039446099999999998,0.039454900000000001,0.039463600000000001,0.039472300000000002,0.039481000000000002,0.039489700000000003,0.039498400000000003,0.039504299999999999,0.039513,0.0395217,0.0395304,0.039539100000000001,0.039547800000000001,0.039556599999999997,0.039565299999999998,0.039573999999999998,0.039579799999999998,0.039588499999999999,0.039597199999999999,0.039606000000000002,0.039614700000000003,0.039620500000000003,0.039629200000000003,0.039638,0.0396467,0.0396554,0.039664100000000001,0.039672800000000001,0.039678699999999997,0.039687399999999998,0.039696099999999998,0.039704799999999998,0.039713499999999999,0.039722199999999999,0.0397309,0.039739700000000003,0.039748400000000003,0.039754200000000003,0.039762899999999997,0.039771599999999997,0.039780299999999998,0.039786200000000001,0.039794900000000001,0.039803600000000001,0.039812300000000002,0.039821000000000002,0.039829700000000003,0.039835599999999999,0.039847199999999999,0.0398559,0.039861800000000003,0.039870500000000003,0.039879199999999997,0.039887899999999997,0.039893699999999997,0.039905400000000001,0.039911200000000001,0.039919900000000001,0.039928600000000002,0.039937300000000002,0.039946000000000002,0.039954700000000003,0.039963400000000003,0.039969299999999999,0.039978,0.0399867,0.039995500000000003,0.040004199999999997,0.040012899999999997,0.040021599999999997,0.040030299999999998,0.040036099999999998,0.040044799999999998,0.040053600000000002,0.040062300000000002,0.040071000000000002,0.040079700000000003,0.040088499999999999,0.0400972,0.040103,0.0401146,0.040120400000000001,0.040129100000000001,0.040137800000000001,0.040143699999999997,0.040152399999999998,0.040161099999999998,0.040169799999999999,0.040178600000000002,0.040187300000000002,0.040196000000000003,0.040204700000000003,0.040213400000000003,0.040222099999999997,0.040228,0.0402367,0.0402425,0.040254100000000001,0.040259999999999997,0.040268699999999998,0.040277399999999998,0.040286099999999998,0.040294799999999999,0.040303499999999999,0.040312199999999999,0.040321000000000003,0.040329700000000003,0.040335500000000003,0.040347099999999997,0.040352899999999997,0.040361599999999997,0.040370299999999998,0.040379100000000001,0.040387800000000001,0.040396500000000002,0.040405299999999998,0.040413999999999999,0.040422699999999999,0.040431399999999999,0.0404401,0.0404459,0.040454700000000003,0.040463399999999997,0.040472099999999997,0.040480799999999997,0.040486599999999998,0.040495299999999998,0.040503999999999998,0.040512800000000002,0.040521500000000002,0.040527300000000002,0.040536000000000003,0.040544700000000003,0.040550599999999999,0.0405593,0.040568,0.040576800000000003,0.040585499999999997,0.040594199999999997,0.040602899999999997,0.040608699999999998,0.040617399999999998,0.040626099999999998,0.040632000000000001,0.040643600000000002,0.040649400000000002,0.040661000000000003,0.040666800000000003,0.040675500000000003,0.040684199999999997,0.040693,0.0407017,0.040710400000000001,0.040719100000000001,0.040724999999999997,0.040733699999999998,0.040742399999999998,0.040751099999999998,0.040759799999999999,0.040765700000000002,0.040774400000000002,0.040783100000000003,0.040791800000000003,0.040797600000000003,0.040806299999999997,0.0408151,0.0408238,0.040832500000000001,0.040841200000000001,0.040849999999999997,0.040858699999999998,0.040867399999999998,0.040873199999999998,0.040881899999999999,0.040890599999999999,0.040899400000000002,0.040908100000000003,0.040916800000000003,0.040925499999999997,0.040934199999999997,0.040942899999999997,0.040951599999999998,0.040960400000000001,0.040969100000000001,0.040977800000000002,0.040986500000000002,0.040992300000000002,0.041003999999999999,0.041009799999999999,0.0410214,0.0410272,0.041038900000000003,0.041044700000000003,0.041056299999999997,0.041062099999999997,0.041070799999999998,0.041079499999999998,0.041085400000000001,0.041094100000000001,0.041102800000000002,0.041111500000000002,0.041120200000000003,0.041128900000000003,0.041137699999999999,0.0411435,0.0411551,0.0411609,0.041169600000000001,0.041178300000000001,0.041187099999999997,0.041195799999999998,0.041204499999999998,0.041213199999999998,0.041219100000000002,0.041230700000000002,0.041236500000000002,0.041245200000000003,0.041253999999999999,0.041259799999999999,0.0412714,0.0412772,0.041288800000000001,0.041294600000000001,0.041303300000000001,0.041312000000000001,0.041320799999999998,0.041329499999999998,0.041335299999999998,0.041343999999999999,0.041352699999999999,0.041361500000000002,0.041367300000000003,0.041376000000000003,0.041384700000000003,0.0413935,0.0413993,0.041408,0.041416700000000001,0.041425400000000001,0.041434100000000001,0.041442800000000002,0.041451500000000002,0.041457399999999998,0.041466099999999999,0.041474799999999999,0.0414835,0.0414922,0.041501000000000003,0.041509699999999997,0.041518399999999997,0.041524199999999997,0.041532899999999998,0.041541599999999998,0.041547500000000001,0.041556200000000001,0.041564900000000002,0.041570700000000002,0.041579499999999998,0.041588199999999999,0.041596899999999999,0.041602699999999999,0.0416114,0.041620200000000003,0.041628900000000003,0.041637599999999997,0.041646299999999997,0.041652099999999997,0.041660799999999998,0.041669600000000001,0.041678300000000001,0.041687000000000002,0.041695700000000002,0.041701500000000002,0.041713100000000003,0.041718999999999999,0.0417277,0.0417364,0.0417451,0.041753800000000001,0.041762500000000001,0.041771299999999997,0.041777099999999998,0.041788699999999998,0.041794499999999998,0.041803199999999999,0.041811899999999999,0.041820700000000002,0.041829400000000003,0.041841000000000003,0.041846800000000003,0.041855499999999997,0.0418643,0.041873,0.041881700000000001,0.041887500000000001,0.041896299999999997,0.041904999999999998,0.041913699999999998,0.041922399999999999,0.041931099999999999,0.041939799999999999,0.041948600000000003,0.041957300000000003,0.041963100000000003,0.041971799999999997,0.0419806,0.0419893,0.041998000000000001,0.042006700000000001,0.042015400000000001,0.042021200000000002,0.042029900000000002,0.042038600000000002,0.042047399999999999,0.042053199999999999,0.042061899999999999,0.0420706,0.0420793,0.042088100000000003,0.042096799999999997,0.042105499999999997,0.042111299999999997,0.042119999999999998,0.042128699999999998,0.042137500000000001,0.042146200000000002,0.042154900000000002,0.042163699999999998,0.042172399999999999,0.042181099999999999,0.0421898,0.0421956,0.0422072,0.042213000000000001,0.042221799999999997,0.042230499999999997,0.042239199999999998,0.042247899999999998,0.042256599999999998,0.042265400000000002,0.042271200000000002,0.042279900000000002,0.042288600000000003,0.042297399999999999,0.042306099999999999,0.0423119,0.0423206,0.0423293,0.042338000000000001,0.042346700000000001,0.042352599999999997,0.042361299999999998,0.042369999999999998,0.042378699999999998,0.042387500000000002,0.042399100000000002,0.042404900000000002,0.042413600000000003,0.042422300000000003,0.042428100000000003,0.042436799999999997,0.042445499999999997,0.0424543,0.042463000000000001,0.042471700000000001,0.042480499999999997,0.042489199999999998,0.042497899999999998,0.042503699999999998,0.042512399999999999,0.042521099999999999,0.042529900000000002,0.042538600000000003,0.042547300000000003,0.042555999999999997,0.042564699999999997,0.042573399999999997,0.042582200000000001,0.042593800000000001,0.042599600000000001,0.042608300000000002,0.042617000000000002,0.042625799999999998,0.042634499999999999,0.042643199999999999,0.042648999999999999,0.0426606,0.042669400000000003,0.042678099999999997,0.042683899999999997,0.042695499999999997,0.042701299999999998,0.042709999999999998,0.042718800000000001,0.042724600000000001,0.042736200000000002,0.042744900000000002,0.042753600000000003,0.042762300000000003,0.042771099999999999,0.0427798,0.0427856,0.0427943,0.042803000000000001,0.042811700000000001,0.042820499999999997,0.042829199999999998,0.042837899999999998,0.042846700000000001,0.042855400000000002,0.042864100000000002,0.042869900000000002,0.042878600000000003,0.042887300000000003,0.0428961,0.0429048,0.0429135,0.042922200000000001,0.042928000000000001,0.042939699999999997,0.042948399999999998,0.042957099999999998,0.042962899999999998,0.042971599999999999,0.042980299999999999,0.042986200000000002,0.042994900000000003,0.043003600000000003,0.043012300000000003,0.043020999999999997,0.0430298,0.0430385,0.043047200000000001,0.043055900000000001,0.043061700000000001,0.043070400000000002,0.043079199999999998,0.043087899999999998,0.043096599999999999,0.043102399999999999,0.043111099999999999,0.0431198,0.0431285,0.043137300000000003,0.043143099999999997,0.043151799999999997,0.043160499999999997,0.043169300000000001,0.043178000000000001,0.043183800000000001,0.043192500000000002,0.043201299999999998,0.043209999999999998,0.043218699999999999,0.043227399999999999,0.0432361,0.0432448,0.0432535,0.043262299999999997,0.043270999999999997,0.043276799999999997,0.043288399999999998,0.043294199999999998,0.043305900000000001,0.043311700000000002,0.043323300000000002,0.043329100000000002,0.043337800000000003,0.043346599999999999,0.043355299999999999,0.043364,0.0433727,0.043381400000000001,0.043390199999999997,0.043398899999999997,0.043404699999999997,0.043413399999999998,0.043422099999999998,0.043430900000000001,0.043439600000000002,0.043445400000000002,0.043454100000000002,0.043462800000000003,0.043471500000000003,0.043477399999999999,0.0434861,0.0434977,0.043503500000000001,0.043509300000000001,0.043520999999999997,0.043526799999999997,0.043535499999999998,0.043544199999999998,0.043552899999999999,0.043561599999999999,0.043567500000000002,0.043579100000000003,0.043587800000000003,0.043596500000000003,0.043605199999999997,0.043614,0.0436198,0.043628500000000001,0.043637200000000001,0.043645900000000001,0.043654600000000002,0.043663300000000002,0.043669199999999998,0.043677899999999999,0.043689499999999999,0.043695400000000002,0.043704100000000003,0.043712800000000003,0.043718600000000003,0.043730199999999997,0.043735999999999997,0.0437477,0.043753500000000001,0.043762200000000001,0.043770900000000001,0.043779600000000002,0.043788300000000002,0.043794199999999998,0.043802899999999999,0.043808699999999999,0.0438203,0.0438261,0.0438348,0.043843500000000001,0.043852299999999997,0.043860999999999997,0.043869699999999998,0.043878500000000001,0.043887200000000001,0.043898800000000002,0.043904600000000002,0.043916200000000002,0.043922000000000003,0.043930700000000003,0.043939499999999999,0.0439453,0.0439569,0.0439627,0.043974399999999997,0.043980199999999997,0.043988899999999997,0.043997599999999998,0.044006299999999998,0.044012200000000001,0.044020900000000002,0.044029600000000002,0.044038300000000002,0.044047000000000003,0.044055700000000003,0.044061599999999999,0.0440732,0.044079,0.044090600000000001,0.044096400000000001,0.044102200000000001,0.044110999999999997,0.044119699999999998,0.044128399999999998,0.044137099999999999,0.044145799999999999,0.044154499999999999,0.044163300000000003,0.044172000000000003,0.044180700000000003,0.044189399999999997,0.0441982,0.044204,0.044212700000000001,0.044221400000000001,0.044230100000000001,0.044238800000000002,0.044247500000000002,0.044256299999999998,0.044264999999999999,0.044270799999999999,0.0442824,0.0442882,0.0442969,0.044305700000000003,0.044314399999999997,0.044320199999999997,0.044328899999999997,0.044337599999999998,0.044346400000000001,0.044355100000000001,0.044363800000000002,0.044372599999999998,0.044378399999999998,0.044387099999999999,0.044395799999999999,0.044401599999999999,0.0444103,0.044419,0.044427800000000003,0.044436499999999997,0.044442299999999997,0.044450999999999997,0.044462599999999998,0.044471299999999998,0.044479999999999999,0.044491700000000002,0.044497500000000002,0.044509199999999999,0.044517899999999999,0.0445266,0.0445353,0.044544,0.044552700000000001,0.044561400000000001,0.044570199999999997,0.044578899999999998,0.044590499999999998,0.044596299999999998,0.044608000000000002,0.044616700000000002,0.044625400000000003,0.044634100000000003,0.044642800000000003,0.044651499999999997,0.0446603,0.044669,0.044677700000000001,0.044686499999999997,0.044695199999999997,0.044700999999999998,0.044712599999999998,0.044718399999999998,0.044727099999999999,0.044735799999999999,0.044744600000000002,0.044753300000000003,0.044759100000000003,0.044767800000000003,0.044776499999999997,0.0447824,0.044794,0.044799800000000001,0.044811400000000001,0.044817200000000001,0.044825900000000002,0.044834600000000002,0.044843399999999999,0.044852099999999999,0.044860799999999999,0.0448666,0.0448753,0.044884,0.044892799999999997,0.044901499999999997,0.044910199999999997,0.0449161,0.044924800000000001,0.044933500000000001,0.044942200000000002,0.044950900000000002,0.044959600000000002,0.044968300000000003,0.044974199999999999,0.044982899999999999,0.0449916,0.0450003,0.045009,0.045017700000000001,0.045026499999999997,0.045032299999999997,0.045040999999999998,0.045049699999999998,0.045058500000000001,0.045064300000000002,0.045073000000000002,0.045081700000000002,0.045090400000000003,0.045099199999999999,0.045107899999999999,0.0451166,0.0451253,0.045134000000000001,0.045142700000000001,0.045148599999999997,0.045157299999999997,0.045165999999999998,0.045174699999999998,0.045183399999999999,0.045192099999999999,0.045200799999999999,0.045209600000000003,0.045218300000000003,0.045227000000000003,0.0452358,0.0452445,0.0452503,0.045259000000000001,0.045267700000000001,0.045276499999999997,0.045285199999999998,0.045293899999999998,0.045302599999999998,0.045311299999999999,0.045317099999999999,0.045325799999999999,0.0453345,0.045340400000000003,0.045349100000000003,0.045357799999999997,0.0453637,0.0453724,0.045381100000000001,0.045389800000000001,0.045398500000000001,0.045404300000000002,0.045415999999999998,0.045424699999999998,0.045433399999999999,0.045442099999999999,0.0454508,0.0454566,0.0454653,0.045474000000000001,0.045482799999999997,0.045491499999999997,0.045497299999999997,0.045509000000000001,0.045514800000000001,0.045523500000000001,0.045529300000000002,0.045538000000000002,0.045546799999999998,0.045555499999999999,0.045564199999999999,0.0455729,0.0455816,0.0455903,0.045599000000000001,0.045607799999999997,0.045616499999999997,0.045625199999999998,0.045630999999999998,0.045639699999999998,0.045645600000000001,0.045654300000000002,0.045663000000000002,0.045671700000000003,0.045680400000000003,0.045689100000000003,0.0456979,0.0457066,0.0457153,0.045724099999999997,0.045732799999999997,0.045741499999999997,0.045747299999999998,0.045758899999999998,0.045764699999999998,0.045773399999999999,0.045782099999999999,0.045790900000000002,0.045799600000000003,0.045808300000000003,0.045816999999999997,0.0458258,0.0458345,0.045843200000000001,0.045851900000000001,0.045860600000000001,0.045866400000000002,0.045875199999999998,0.045880999999999998,0.045889699999999999,0.045898399999999999,0.045907200000000002,0.045915900000000003,0.045924600000000003,0.045933300000000003,0.045941999999999997,0.045950699999999997,0.045959399999999997,0.045968200000000001,0.045976900000000001,0.045985600000000001,0.045991400000000002,0.046003099999999998,0.046008899999999998,0.046017599999999999,0.046026299999999999,0.046032099999999999,0.0460408,0.0460495,0.046058300000000003,0.046064099999999997,0.046072799999999997,0.046081499999999997,0.046090300000000001,0.046099000000000001,0.046107700000000001,0.046116400000000002,0.046125100000000002,0.046133800000000003,0.046142500000000003,0.046151299999999999,0.04616,0.0461658,0.0461745,0.046183200000000001,0.046191999999999997,0.046200699999999997,0.046206499999999998,0.046215199999999998,0.046224000000000001,0.046229800000000001,0.046238500000000002,0.046247200000000002,0.046255900000000003,0.046264600000000003,0.046273300000000003,0.046281999999999997,0.0462908,0.0462995,0.046308200000000001,0.046316900000000001,0.046322799999999997,0.046331499999999998,0.046340199999999998,0.046348899999999998,0.046357599999999999,0.046366299999999999,0.046375100000000002,0.046380900000000003,0.046389600000000003,0.046398300000000003,0.046409899999999997,0.0464158,0.0464245,0.046430300000000001,0.046439000000000001,0.046447700000000001,0.046456499999999998,0.046465199999999998,0.046473899999999999,0.046482599999999999,0.046491299999999999,0.0465,0.0465087,0.046517500000000003,0.046526199999999997,0.046534899999999997,0.046543599999999997,0.046549500000000001,0.046561100000000001,0.046566900000000001,0.046578500000000002,0.046584399999999998,0.046595999999999999,0.046601799999999999,0.046610499999999999,0.0466192,0.046625,0.046636700000000003,0.046642500000000003,0.046651199999999997,0.046659899999999997,0.046668599999999998,0.046677299999999998,0.046683200000000001,0.046691900000000001,0.046700600000000002,0.046709300000000002,0.046715100000000002,0.046723800000000003,0.046732500000000003,0.0467413,0.0467471,0.0467587,0.046764500000000001,0.046773200000000001,0.046781900000000001,0.046793599999999998,0.046799399999999998,0.046808099999999998,0.046816799999999999,0.046825600000000002,0.046834300000000002,0.046843000000000003,0.046851700000000003,0.046857599999999999,0.0468663,0.0468779,0.0468866,0.046892400000000001,0.046901100000000001,0.046909800000000001,0.046918599999999998,0.046927299999999998,0.046933099999999998,0.046941799999999999,0.046950600000000002,0.046959300000000002,0.046968000000000003,0.046976700000000003,0.046985399999999997,0.046991199999999997,0.0470029,0.0470087,0.047017400000000001,0.047023200000000001,0.047031900000000001,0.047040600000000002,0.047046499999999998,0.047055199999999998,0.047063899999999999,0.047072599999999999,0.0470813,0.04709,0.0470987,0.047107499999999997,0.047113299999999997,0.047121999999999997,0.047130699999999998,0.047139500000000001,0.047148200000000001,0.047159800000000002,0.047165600000000002,0.047174300000000002,0.047183000000000003,0.047191799999999999,0.047200499999999999,0.0472092,0.047218000000000003,0.047226700000000003,0.047235399999999997,0.047244099999999997,0.047249899999999997,0.047258599999999998,0.047267299999999998,0.047275999999999999,0.047284800000000002,0.047293500000000002,0.047299300000000002,0.047308000000000003,0.047316799999999999,0.0473255,0.0473342,0.0473429,0.047351600000000001,0.047360300000000001,0.047369099999999997,0.047374899999999998,0.047383599999999998,0.047392299999999998,0.047398099999999999,0.047406799999999999,0.047415499999999999,0.047424300000000003,0.047433000000000003,0.047441700000000003,0.0474505,0.0474563,0.0474679,0.047473700000000001,0.047482400000000001,0.047491100000000001,0.047499899999999998,0.047508599999999998,0.047514399999999998,0.047523099999999999,0.047531799999999999,0.047540600000000002,0.047549300000000003,0.047555100000000003,0.047566700000000003,0.047572499999999997,0.0475842,0.04759,0.047598700000000001,0.047607400000000001,0.047616100000000001,0.047624800000000002,0.047633500000000002,0.047642200000000003,0.047650999999999999,0.047659699999999999,0.0476655,0.0476742,0.047683000000000003,0.047688800000000003,0.047697499999999997,0.047706199999999997,0.047714899999999998,0.047723700000000001,0.047732400000000001,0.047741100000000002,0.047749800000000002,0.047758500000000002,0.047764300000000003,0.047773099999999999,0.047781799999999999,0.0477905,0.0477992,0.0478079,0.047816699999999997,0.047825399999999997,0.047834099999999997,0.047839899999999998,0.047848599999999998,0.047857299999999998,0.047866100000000002,0.047874800000000002,0.047883500000000002,0.047892200000000003,0.047898000000000003,0.0479097,0.0479184,0.0479242,0.047932900000000001,0.047941600000000001,0.047947499999999997,0.047956199999999997,0.047964899999999998,0.047973599999999998,0.047979399999999998,0.047991100000000002,0.047996900000000002,0.048005600000000002,0.048014300000000003,0.048023000000000003,0.048031699999999997,0.048040399999999997,0.0480492,0.048057900000000001,0.048066600000000001,0.048075300000000001,0.048084099999999998,0.048092799999999998,0.048101499999999998,0.048110199999999999,0.048118899999999999,0.048124699999999999,0.048133500000000003,0.048142200000000003,0.048148000000000003,0.048159599999999997,0.0481655,0.0481742,0.048182900000000001,0.048191600000000001,0.048200300000000001,0.048209000000000002,0.048217700000000002,0.048226499999999999,0.048235199999999999,0.048243899999999999,0.0482497,0.0482584,0.0482671,0.048275800000000001,0.048284599999999997,0.048293299999999997,0.048301999999999998,0.048310800000000001,0.048316600000000001,0.048328200000000002,0.048334000000000002,0.048342700000000002,0.048351400000000003,0.048360199999999999,0.048368899999999999,0.0483747,0.0483834,0.0483921,0.048403700000000001,0.048409599999999997,0.048418299999999997,0.048426999999999998,0.048435699999999998,0.048444500000000001,0.048453200000000002,0.048459000000000002,0.048467700000000002,0.048476400000000003,0.048485100000000003,0.0484939,0.0485026,0.0485084,0.048520000000000001,0.048528700000000001,0.048537499999999997,0.048546199999999998,0.048554899999999998,0.048563599999999998,0.048569399999999999,0.048578099999999999,0.048586799999999999,0.048595600000000003,0.048601400000000003,0.048610100000000003,0.048618799999999997,0.0486276,0.0486363,0.048645000000000001,0.048653700000000001,0.048659500000000001,0.048671199999999998,0.048676999999999998,0.048685699999999998,0.048694399999999999,0.048703099999999999,0.0487118,0.0487205,0.048729300000000003,0.048737999999999997,0.048746699999999997,0.048752499999999997,0.048761199999999998,0.048770000000000001,0.048778700000000001,0.048787400000000002,0.048796100000000002,0.048804800000000002,0.048813599999999999,0.048822299999999999,0.048830999999999999,0.0488397,0.048848500000000003,0.048857200000000003,0.048862999999999997,0.048871699999999997,0.048880399999999997,0.048889200000000001,0.048897900000000001,0.048906600000000001,0.048915300000000002,0.048924000000000002,0.048932700000000003,0.048941400000000003,0.048950199999999999,0.048956,0.0489647,0.0489734,0.048982100000000001,0.048990899999999997,0.048999599999999997,0.049008299999999998,0.049014099999999998,0.049022799999999998,0.049031499999999999,0.049040300000000002,0.049049000000000002,0.049057700000000003,0.049066499999999999,0.049075199999999999,0.0490839,0.0490897,0.0490984,0.049107100000000001,0.049115800000000001,0.049124599999999997,0.049133299999999998,0.049141999999999998,0.049147799999999998,0.049156499999999999,0.049165199999999999,0.049174000000000002,0.049182700000000003,0.049191400000000003,0.049200099999999997,0.049206,0.0492147,0.0492234,0.049232100000000001,0.049240800000000001,0.049246600000000001,0.049255300000000002,0.049264000000000002,0.049272799999999999,0.049281499999999999,0.049287299999999999,0.049296,0.049304800000000003,0.049313500000000003,0.049322199999999997,0.049327999999999997,0.049336699999999997,0.049345399999999998,0.049351300000000001,0.049360000000000001,0.049368700000000001,0.049377400000000002,0.049386100000000002,0.049391999999999998,0.049400699999999999,0.049409399999999999,0.0494181,0.0494268,0.049432700000000003,0.049444299999999997,0.049450099999999997,0.049458799999999997,0.049467499999999998,0.049473299999999998,0.049481999999999998,0.049490699999999999,0.049496600000000002,0.049508200000000002,0.049514000000000002,0.049522700000000003,0.049531400000000003,0.0495402,0.0495489,0.0495576,0.049566399999999997,0.049575099999999997,0.049583799999999997,0.049592499999999998,0.049601199999999998,0.049609899999999998,0.049618599999999999,0.049627400000000002,0.049636100000000002,0.049641900000000003,0.049650600000000003,0.049659300000000003,0.0496681,0.0496768,0.0496826,0.049691300000000001,0.049700000000000001,0.049711600000000002,0.049717499999999998,0.049726199999999998,0.049734899999999999,0.049740699999999999,0.049749399999999999,0.0497581,0.049766900000000003,0.049775600000000003,0.049784299999999997,0.0497931,0.0498018,0.049810500000000001,0.049816300000000001,0.049825000000000001,0.049830800000000001,0.049839500000000002,0.049848200000000002,0.049856999999999999,0.049865699999999999,0.049874399999999999,0.049883200000000003,0.049891900000000003,0.049897700000000003,0.049909299999999997,0.049915099999999997,0.049923799999999997,0.049932499999999998,0.049941199999999998,0.049950000000000001,0.049958700000000002,0.049967400000000002,0.049973200000000002,0.049981999999999999,0.049990699999999999,0.049999399999999999,0.0500081,0.0500168,0.050025500000000001,0.050031399999999997,0.050042999999999997,0.050048799999999997,0.050057499999999998,0.050066199999999998,0.050074899999999999,0.050083700000000002,0.050092400000000002,0.050101100000000003,0.050109899999999999,0.050118599999999999,0.0501244,0.050136,0.0501418,0.050150500000000001,0.050159299999999997,0.050167999999999997,0.050176699999999998,0.050185399999999998,0.050194099999999998,0.050200000000000002,0.050208700000000002,0.050214500000000002,0.050223200000000003,0.050234800000000003,0.050240600000000003,0.050249299999999997,0.050257999999999997,0.0502668,0.050275500000000001,0.050284200000000001,0.050292999999999997,0.050298799999999998,0.050307499999999998,0.050316199999999998,0.050324899999999999,0.050333599999999999,0.050342400000000002,0.050351100000000003,0.050359800000000003,0.050368499999999997,0.050374299999999997,0.050382999999999997,0.050391699999999998,0.050397600000000001,0.050409200000000001,0.050417900000000002,0.050426699999999998,0.050432499999999998,0.050444099999999999,0.050449899999999999,0.050458599999999999,0.0504673,0.050476100000000003,0.050484800000000003,0.050493499999999997,0.050499299999999997,0.050507999999999997,0.050516699999999998,0.050525500000000001,0.050534200000000001,0.050542900000000002,0.050548700000000002,0.050560399999999998,0.050566199999999999,0.050577799999999999,0.050583599999999999,0.0505952,0.050601,0.050609700000000001,0.050618400000000001,0.050624299999999997,0.050632999999999997,0.050641699999999998,0.050650399999999998,0.050656300000000001,0.050667900000000002,0.050673700000000002,0.050682400000000002,0.050691100000000003,0.050699899999999999,0.0507086,0.0507173,0.050726,0.050734700000000001,0.050740500000000001,0.050749200000000001,0.050757900000000002,0.050763799999999998,0.050775399999999998,0.050781300000000001,0.050792900000000002,0.050801600000000002,0.050810300000000003,0.050819000000000003,0.050824800000000003,0.050833499999999997,0.0508423,0.050851,0.050859700000000001,0.050868400000000001,0.050877199999999997,0.050882999999999998,0.050891699999999998,0.050900399999999998,0.050909099999999999,0.050917799999999999,0.0509265,0.050932400000000003,0.050941100000000003,0.050949800000000003,0.050958499999999997,0.050967199999999997,0.050975899999999998,0.050984700000000001,0.050990500000000001,0.050999200000000001,0.051007900000000002,0.051016699999999998,0.051025399999999999,0.051031199999999999,0.051039899999999999,0.0510486,0.0510573,0.051066100000000003,0.051074799999999997,0.051083499999999997,0.051092199999999997,0.051100899999999998,0.051106800000000001,0.051118400000000001,0.051124200000000002,0.051135800000000002,0.051141600000000002,0.051150399999999999,0.051159099999999999,0.051167799999999999,0.0511765,0.0511852,0.051193900000000001,0.051199799999999997,0.051208499999999997,0.051217199999999997,0.051225899999999998,0.051234599999999998,0.051243299999999999,0.051251999999999999,0.051260800000000002,0.051269500000000003,0.051275300000000003,0.051284000000000003,0.051292699999999997,0.051301399999999997,0.0513073,0.051316000000000001,0.051321800000000001,0.051330500000000001,0.051339200000000002,0.051347999999999998,0.051356699999999998,0.051362499999999998,0.051371199999999999,0.051380000000000002,0.051388700000000002,0.051397400000000003,0.051406100000000003,0.051414799999999997,0.051423499999999997,0.0514323,0.0514381,0.051449700000000001,0.051455500000000001,0.051464200000000002,0.051472900000000002,0.051484599999999998,0.051490399999999999,0.051499099999999999,0.051507900000000002,0.051513700000000003,0.051522400000000003,0.051531100000000003,0.051539799999999997,0.051548499999999997,0.051557199999999997,0.051563100000000001,0.051574700000000001,0.051583400000000001,0.051589200000000002,0.051597900000000002,0.051606600000000002,0.051615399999999999,0.051624099999999999,0.051629899999999999,0.0516386,0.0516473,0.051656000000000001,0.051664799999999997,0.051670599999999997,0.051682199999999998,0.051687999999999998,0.051699700000000001,0.051705500000000001,0.051714200000000002,0.051722900000000002,0.051731600000000003,0.051740300000000003,0.051749099999999999,0.0517578,0.0517636,0.0517723,0.051781000000000001,0.051789700000000001,0.051798499999999997,0.051804299999999998,0.051815899999999998,0.051821699999999998,0.051830399999999999,0.051839099999999999,0.051847900000000002,0.051856600000000003,0.051865300000000003,0.051874099999999999,0.0518828,0.0518915,0.0519002,0.051908900000000001,0.051917600000000001,0.051923499999999997,0.051932199999999998,0.051940899999999998,0.051949599999999999,0.051958299999999999,0.051966999999999999,0.051975800000000003,0.051984500000000003,0.051990300000000003,0.051998999999999997,0.052007699999999997,0.052016399999999997,0.052025200000000001,0.052033900000000001,0.052042600000000001,0.052048400000000002,0.052057100000000002,0.052065800000000002,0.052074599999999999,0.052083299999999999,0.052089099999999999,0.0521007,0.052106600000000003,0.052115300000000003,0.052123999999999997,0.052132699999999997,0.052141399999999997,0.052150099999999998,0.052158900000000001,0.052167600000000001,0.052176300000000002,0.052182100000000002,0.052190800000000002,0.052199500000000003,0.052208299999999999,0.052217,0.0522257,0.052234500000000003,0.052243199999999997,0.052251899999999997,0.052257699999999997,0.052266399999999998,0.052275099999999998,0.052283799999999998,0.052289700000000001,0.052298400000000002,0.052307100000000002,0.052315800000000003,0.052324500000000003,0.052333200000000003,0.052342,0.0523507,0.052362300000000001,0.052368199999999997,0.052376899999999997,0.052385599999999997,0.052394299999999998,0.052402999999999998,0.052411699999999999,0.052420399999999999,0.052429200000000002,0.052437900000000003,0.052443700000000003,0.052452400000000003,0.052461099999999997,0.0524699,0.0524786,0.052487300000000001,0.052496000000000001,0.052504700000000001,0.052513499999999998,0.052519299999999998,0.052530899999999998,0.052539599999999999,0.052548299999999999,0.052554200000000002,0.052562900000000003,0.052571600000000003,0.052580300000000003,0.052588999999999997,0.052597699999999997,0.0526065,0.052615200000000001,0.052623900000000001,0.052632600000000002,0.052641399999999998,0.052650099999999998,0.052658799999999999,0.052664599999999999,0.052673299999999999,0.052682,0.052690800000000003,0.052699500000000003,0.052705299999999997,0.052713999999999997,0.0527228,0.052731500000000001,0.052740200000000001,0.052748900000000001,0.052757600000000002,0.052766300000000002,0.052775000000000002,0.052783799999999999,0.052789599999999999,0.052798299999999999,0.052807,0.0528157,0.052821600000000003,0.052830299999999997,0.052838999999999997,0.052847699999999997,0.052856399999999998,0.052862199999999998,0.052870899999999998,0.052879700000000002,0.052888400000000002,0.052897100000000002,0.052905800000000003,0.052914599999999999,0.052920399999999999,0.0529291,0.0529378,0.052946500000000001,0.052955200000000001,0.052963900000000001,0.052972600000000002,0.052978499999999998,0.052990099999999998,0.052996000000000001,0.053004700000000002,0.053013400000000002,0.053022100000000003,0.053030800000000003,0.053036600000000003,0.053045299999999997,0.053053999999999997,0.0530628,0.053071500000000001,0.053077300000000001,0.053086000000000001,0.053094700000000002,0.053103499999999998,0.053109299999999998,0.053117999999999999,0.053126699999999999,0.053135500000000002,0.053144200000000003,0.053152900000000003,0.053158700000000003,0.053167399999999997,0.053176099999999997,0.0531849,0.053193600000000001,0.053202300000000001,0.053211000000000001,0.053216800000000002,0.053225500000000002,0.053234200000000002,0.053242999999999999,0.053251699999999999,0.053260399999999999,0.053269200000000003,0.053275000000000003,0.053283700000000003,0.053292399999999997,0.053298199999999997,0.053306899999999997,0.053315599999999998,0.053324400000000001,0.053333100000000001,0.053341800000000002,0.053350500000000002,0.053356300000000002,0.053365000000000003,0.053373799999999999,0.053382499999999999,0.0533912,0.0533999,0.053408700000000003,0.053417399999999997,0.053426099999999997,0.053434799999999998,0.053443499999999998,0.053449299999999998,0.053457999999999999,0.053466699999999999,0.053475500000000002,0.053484200000000003,0.053492900000000003,0.053501699999999999,0.0535075,0.0535162,0.0535249,0.053533600000000001,0.053542300000000001,0.053551099999999997,0.053559799999999998,0.053565599999999998,0.053577199999999998,0.053582999999999999,0.053591699999999999,0.053600399999999999,0.053609200000000003,0.053617900000000003,0.053623700000000003,0.0536354,0.0536412,0.0536499,0.053658600000000001,0.053667300000000001,0.053676000000000001,0.053681899999999998,0.053693499999999998,0.053699299999999998,0.053705099999999999,0.053716699999999999,0.053722499999999999,0.0537312,0.053740000000000003,0.053748700000000003,0.053757399999999997,0.053763199999999997,0.053771899999999997,0.053780599999999998,0.053789400000000001,0.053798100000000001,0.053806800000000002,0.053815500000000002,0.053824299999999999,0.053832999999999999,0.053841699999999999,0.0538475,0.0538562,0.0538649,0.053873699999999997,0.053879499999999997,0.053888199999999997,0.053896899999999998,0.053905599999999998,0.053914400000000001,0.053923100000000002,0.053931800000000002,0.053937600000000002,0.053949200000000003,0.053955099999999999,0.053963799999999999,0.0539725,0.0539812,0.0539899,0.053998600000000001,0.054007399999999997,0.054016099999999997,0.054024799999999998,0.054033600000000001,0.054042300000000001,0.054048100000000002,0.054056800000000002,0.054065500000000002,0.054074200000000003,0.054082900000000003,0.054088700000000003,0.054097399999999997,0.0541062,0.054114900000000001,0.054123600000000001,0.054129499999999997,0.054138199999999997,0.054146899999999998,0.054155599999999998,0.054164299999999999,0.054172999999999999,0.054181699999999999,0.054187600000000002,0.054196300000000003,0.054205000000000003,0.054213699999999997,0.054222399999999997,0.054231099999999997,0.054239900000000001,0.054248600000000001,0.054257300000000001,0.054266000000000002,0.054274799999999998,0.054283499999999998,0.054289299999999999,0.054297999999999999,0.054306699999999999,0.0543154,0.054321300000000003,0.054332900000000003,0.054341599999999997,0.0543504,0.0543591,0.054367800000000001,0.054376500000000001,0.054385200000000002,0.054393900000000002,0.054399799999999998,0.054408499999999999,0.054417199999999999,0.054425899999999999,0.0544346,0.0544433,0.0544491,0.054457800000000001,0.054466599999999997,0.054472399999999997,0.054483999999999998,0.054489900000000001,0.054495700000000001,0.054504400000000001,0.054513100000000002,0.054521800000000002,0.054530500000000003,0.054539200000000003,0.054547900000000003,0.0545567,0.0545654,0.0545741,0.054582899999999997,0.054591599999999997,0.054600299999999997,0.054606099999999998,0.054617699999999998,0.054623499999999998,0.054632300000000002,0.054641000000000002,0.054646800000000002,0.054658400000000003,0.054664200000000003,0.0546759,0.0546817,0.0546904,0.0546991,0.054707800000000001,0.054716500000000001,0.054725200000000002,0.054733999999999998,0.054739799999999998,0.054748499999999999,0.054757199999999999,0.054766000000000002,0.054774700000000003,0.054783400000000003,0.054792100000000003,0.054797899999999997,0.054806599999999997,0.054815299999999997,0.054824100000000001,0.054832800000000001,0.054841500000000001,0.054850299999999998,0.054858999999999998,0.054867699999999998,0.054876399999999999,0.054885099999999999,0.054890899999999999,0.0548996,0.0549083,0.054914200000000003,0.054925799999999997,0.054934499999999997,0.054940299999999997,0.054948999999999998,0.054957800000000001,0.054966500000000001,0.054975200000000002,0.054983900000000002,0.054989799999999998,0.055001399999999999,0.055007199999999999,0.0550159,0.0550246,0.055033400000000003,0.055042099999999997,0.055050799999999997,0.055059499999999997,0.055068199999999998,0.055076899999999998,0.055085599999999998,0.055094400000000002,0.055100200000000002,0.055108900000000002,0.055117600000000003,0.055126300000000003,0.055135099999999999,0.0551409,0.0551496,0.0551554,0.055164100000000001,0.055172800000000001,0.055181500000000001,0.055187399999999998,0.055198999999999998,0.055204799999999998,0.055213499999999999,0.055222199999999999,0.055230899999999999,0.055239700000000003,0.055248400000000003,0.055257100000000003,0.0552659,0.0552746,0.0552804,0.055289100000000001,0.055297800000000001,0.055306599999999997,0.055312399999999998,0.055321099999999998,0.055332699999999999,0.055338499999999999,0.055347199999999999,0.0553559,0.0553646,0.055373400000000003,0.055382099999999997,0.055390799999999997,0.0553996,0.055408300000000001,0.055414100000000001,0.055422800000000001,0.055431500000000002,0.055437399999999998,0.055448999999999998,0.055454799999999999,0.055463499999999999,0.055472199999999999,0.0554809,0.055489700000000003,0.055498400000000003,0.055507099999999997,0.055512899999999997,0.055521599999999997,0.055530299999999998,0.055539100000000001,0.055547800000000001,0.055556500000000002,0.055565200000000002,0.055573900000000002,0.055582600000000003,0.055591300000000003,0.055597199999999999,0.0556088,0.0556146,0.055623300000000001,0.055629199999999997,0.055640799999999997,0.055646599999999997,0.055658199999999998,0.055663999999999998,0.055672699999999999,0.055681500000000002,0.055690200000000002,0.055698900000000003,0.055707600000000003,0.055716399999999999,0.0557251,0.0557338,0.0557425,0.055751200000000001,0.055759900000000001,0.055765799999999997,0.055774499999999998,0.055783199999999998,0.055791899999999998,0.055797699999999999,0.055803600000000002,0.055812300000000002,0.055821000000000003,0.055829700000000003,0.055838400000000003,0.055847099999999997,0.055855799999999997,0.0558646,0.055873300000000001,0.055879100000000001,0.055890700000000001,0.055896599999999998,0.055905299999999998,0.055913999999999998,0.055922699999999999,0.055931399999999999,0.0559401,0.055948900000000003,0.055957600000000003,0.055966299999999997,0.055972099999999997,0.055980799999999997,0.055989499999999998,0.055998300000000001,0.056007000000000001,0.056015700000000002,0.056024400000000002,0.056033199999999998,0.056041899999999999,0.056050599999999999,0.056056399999999999,0.0560651,0.0560738,0.056082600000000003,0.056091299999999997,0.056099999999999997,0.056108699999999997,0.056114600000000001,0.056123300000000001,0.056132000000000001,0.056140700000000002,0.056149400000000002,0.056158100000000002,0.056163900000000003,0.056175599999999999,0.056181399999999999,0.0561901,0.0561988,0.056207500000000001,0.056216299999999997,0.056222099999999997,0.056233699999999998,0.056239499999999998,0.056248199999999998,0.056256899999999999,0.056265700000000002,0.056274400000000002,0.056283100000000003,0.056291899999999999,0.056300599999999999,0.0563093,0.0563151,0.0563267,0.056332500000000001,0.056341200000000001,0.056349900000000001,0.056358699999999998,0.056367399999999998,0.056376099999999998,0.056381899999999999,0.056390599999999999,0.056396500000000002,0.056405200000000003,0.056413900000000003,0.056419700000000003,0.056428399999999997,0.056437099999999997,0.056445799999999997,0.0564517,0.056457500000000001,0.056469100000000001,0.056474999999999997,0.056483699999999998,0.056492399999999998,0.056501099999999999,0.056509799999999999,0.056518499999999999,0.0565243,0.056533,0.056541800000000003,0.056550499999999997,0.056559199999999997,0.056567899999999997,0.056576700000000001,0.056585400000000001,0.056594100000000001,0.056599900000000002,0.056608600000000002,0.056614499999999998,0.056623199999999999,0.056631899999999999,0.056640599999999999,0.0566493,0.056658,0.0566667,0.056675499999999997,0.056684199999999997,0.056689999999999997,0.056698699999999998,0.056707399999999998,0.056716200000000001,0.056722000000000002,0.056730700000000002,0.056739400000000002,0.056748199999999999,0.056756899999999999,0.056765599999999999,0.0567743,0.0567801,0.0567888,0.056797500000000001,0.056806200000000001,0.056814999999999997,0.056823699999999998,0.056832399999999998,0.056841200000000001,0.056849900000000002,0.056855700000000002,0.056867300000000003,0.056873100000000003,0.056884700000000003,0.0568906,0.0568993,0.056908,0.056916700000000001,0.056925400000000001,0.056931299999999997,0.056942899999999998,0.056948699999999998,0.056960299999999998,0.056966099999999999,0.056974900000000002,0.056983600000000002,0.056989400000000003,0.057001000000000003,0.057006800000000003,0.057015499999999997,0.057024199999999997,0.057033,0.057038800000000001,0.057047500000000001,0.057056200000000001,0.057064900000000002,0.057073699999999998,0.057082399999999998,0.057088199999999999,0.057093999999999999,0.057102699999999999,0.0571114,0.057123100000000003,0.057128900000000003,0.057134699999999997,0.057146299999999997,0.057152099999999997,0.057160799999999998,0.057169499999999998,0.057178300000000001,0.057187000000000002,0.057195700000000002,0.057204400000000002,0.057213199999999999,0.057221899999999999,0.057227699999999999,0.0572364,0.0572451,0.057253800000000001,0.057262599999999997,0.057271299999999997,0.057279999999999998,0.057288800000000001,0.057297500000000001,0.057306200000000002,0.057314900000000002,0.057320700000000002,0.057329400000000003,0.057338199999999999,0.057343999999999999,0.0573556,0.0573614,0.057373,0.057381700000000001,0.057387599999999997,0.057396299999999997,0.057404999999999998,0.057413699999999998,0.057422399999999998,0.057431099999999999,0.057437000000000002,0.057448600000000002,0.057454400000000003,0.057463100000000003,0.057471899999999999,0.0574806,0.0574864,0.0574951,0.057503800000000001,0.057512500000000001,0.057521200000000001,0.057529900000000002,0.057538699999999998,0.057547399999999999,0.057556099999999999,0.057564799999999999,0.057570700000000002,0.057582300000000003,0.057588100000000003,0.057599699999999997,0.0576056,0.0576143,0.057623000000000001,0.057631700000000001,0.057640400000000001,0.057646200000000002,0.057654900000000002,0.057663600000000002,0.057669499999999999,0.057678199999999999,0.057686899999999999,0.0576956,0.057704400000000003,0.057713100000000003,0.057718899999999997,0.057727599999999997,0.057736299999999997,0.057745100000000001,0.057750900000000001,0.057759600000000001,0.057768300000000002,0.057777000000000002,0.057785700000000002,0.057794400000000003,0.057800299999999999,0.057808999999999999,0.0578177,0.057826500000000003,0.057835200000000003,0.057843899999999997,0.057852599999999997,0.057858399999999997,0.057867099999999998,0.057875799999999998,0.057884600000000001,0.057893300000000002,0.057902000000000002,0.057910700000000002,0.057919400000000003,0.057928100000000003,0.057936799999999997,0.0579456,0.0579543,0.057960100000000001,0.057968800000000001,0.057977500000000001,0.057986299999999998,0.057994999999999998,0.058000799999999998,0.058009499999999999,0.058018199999999999,0.058027000000000002,0.058035700000000003,0.058044400000000003,0.058053100000000003,0.0580619,0.0580706,0.0580793,0.058088000000000001,0.058096700000000001,0.058105400000000001,0.058114100000000002,0.058122899999999998,0.058128699999999998,0.058137399999999999,0.058146099999999999,0.058152000000000002,0.058163600000000003,0.058172300000000003,0.058180999999999997,0.058186799999999997,0.058195499999999997,0.0582043,0.058213000000000001,0.058221700000000001,0.058230400000000002,0.058239199999999998,0.058247899999999998,0.058253699999999999,0.058262399999999999,0.058271099999999999,0.0582798,0.058288600000000003,0.058297300000000003,0.058303099999999997,0.058311799999999997,0.058320499999999997,0.058329199999999998,0.058337899999999998,0.058343800000000001,0.058352500000000002,0.058361200000000002,0.058369900000000002,0.058378699999999999,0.058384499999999999,0.058393199999999999,0.0584019,0.0584106,0.0584193,0.058425199999999997,0.058433899999999997,0.058442599999999997,0.058451299999999998,0.058459999999999998,0.058468699999999998,0.058477500000000002,0.058483300000000002,0.058494900000000002,0.058500700000000003,0.058509400000000003,0.058518100000000003,0.0585269,0.0585327,0.0585414,0.058550100000000001,0.058558899999999997,0.058567599999999997,0.058576299999999998,0.058587899999999998,0.058593699999999999,0.058602399999999999,0.058611099999999999,0.058617000000000002,0.058625700000000003,0.058634400000000003,0.058645999999999997,0.0586548,0.0586635,0.058672200000000001,0.058680900000000001,0.058689600000000001,0.058698300000000002,0.058704199999999998,0.058712899999999998,0.058721599999999999,0.058730299999999999,0.058739100000000002,0.058747800000000003,0.058756500000000003,0.058762300000000003,0.058770999999999997,0.058779699999999997,0.0587856,0.058794300000000001,0.058803000000000001,0.058811700000000001,0.058820400000000002,0.058829100000000002,0.058837899999999999,0.058846599999999999,0.058855299999999999,0.058864,0.058869900000000003,0.058878600000000003,0.058887299999999997,0.058895999999999997,0.058901799999999997,0.058913399999999998,0.058919199999999998,0.058927899999999998,0.058936700000000002,0.058945400000000002,0.058954100000000002,0.058959999999999999,0.058968699999999999,0.058977399999999999,0.0589861,0.0589948,0.0590035,0.059012200000000001,0.059020999999999997,0.059029699999999997,0.059038399999999998,0.059047200000000001,0.059053000000000001,0.059061700000000002,0.059070400000000002,0.059076200000000002,0.059084900000000003,0.059093600000000003,0.059099499999999999,0.0591082,0.0591169,0.0591227,0.059131400000000001,0.059140100000000001,0.059148899999999997,0.059154699999999998,0.059163399999999998,0.059174999999999998,0.059180799999999999,0.059189600000000002,0.059198300000000002,0.059207000000000003,0.059212800000000003,0.059221500000000003,0.0592303,0.059239,0.0592477,0.059253500000000001,0.059262200000000001,0.059268000000000001,0.059276700000000002,0.059285400000000002,0.059294199999999998,0.059302899999999999,0.059311599999999999,0.059320400000000002,0.059329100000000003,0.059337800000000003,0.059346500000000003,0.059355199999999997,0.059363899999999997,0.0593698,0.059378500000000001,0.059387200000000001,0.059395900000000001,0.059401700000000002,0.059413300000000002,0.059422000000000003,0.059430799999999999,0.059436599999999999,0.0594482,0.059454,0.0594627,0.059471499999999997,0.059480199999999997,0.059488899999999997,0.059497599999999998,0.059506299999999998,0.059512200000000001,0.059523800000000002,0.059529600000000002,0.059538300000000002,0.059547099999999999,0.059555799999999999,0.059561599999999999,0.0595703,0.059579,0.0595877,0.059596400000000001,0.059605100000000001,0.059613899999999997,0.059619699999999998,0.059631299999999998,0.059637200000000001,0.059645900000000002,0.059654600000000002,0.059663300000000002,0.059672000000000003,0.059680700000000003,0.059686599999999999,0.0596953,0.059704,0.0597127,0.059718500000000001,0.059727200000000001,0.059735900000000001,0.059744600000000002,0.059750499999999998,0.059759199999999998,0.059767899999999999,0.059779600000000002,0.059785400000000002,0.059794100000000003,0.059802800000000003,0.059811499999999997,0.0598203,0.059829,0.059837700000000001,0.059846400000000001,0.059855100000000001,0.059863800000000002,0.059872500000000002,0.059881299999999998,0.059889999999999999,0.059898699999999999,0.059907500000000002,0.059916200000000003,0.059924900000000003,0.059933599999999997,0.059942299999999997,0.059950999999999997,0.059959699999999998,0.059968500000000001,0.059977200000000001,0.059985900000000002,0.059994600000000002,0.060000400000000002,0.060012099999999999,0.060017899999999999,0.060026599999999999,0.0600324,0.0600411,0.0600498,0.060058599999999997,0.060070199999999997,0.060075999999999997,0.060084699999999998,0.060093399999999998,0.060099300000000001,0.060108000000000002,0.060116700000000002,0.060122500000000002,0.060134100000000003,0.060142800000000003,0.0601516,0.0601574,0.060169,0.060174800000000001,0.060183500000000001,0.060192200000000001,0.060198099999999997,0.060206799999999998,0.060215499999999998,0.060224300000000001,0.060233000000000002,0.060238800000000002,0.060247500000000002,0.060256200000000003,0.060264900000000003,0.060273599999999997,0.0602795,0.0602911,0.0602969,0.060305600000000001,0.060311400000000001,0.060320100000000001,0.060328899999999998,0.060337599999999998,0.060346299999999999,0.060354999999999999,0.060363800000000002,0.060372500000000003,0.060381200000000003,0.060389900000000003,0.060398599999999997,0.060407299999999997,0.0604132,0.060421900000000001,0.060433500000000001,0.060442200000000001,0.060450999999999998,0.060459699999999998,0.060468399999999999,0.060477099999999999,0.060485799999999999,0.0604945,0.0605032,0.060512000000000003,0.060517799999999997,0.060529399999999997,0.060538099999999997,0.060546799999999998,0.060555499999999998,0.060564300000000001,0.060573000000000002,0.060581700000000002,0.060590499999999999,0.060599199999999999,0.060607899999999999,0.0606137,0.0606224,0.0606282,0.060636900000000001,0.060645699999999997,0.060654399999999997,0.060663099999999998,0.060668899999999998,0.060680600000000001,0.060686400000000001,0.060695100000000002,0.060703800000000002,0.060712500000000003,0.060721200000000003,0.060729900000000003,0.060738599999999997,0.0607445,0.0607532,0.060761999999999997,0.060770699999999997,0.060779399999999997,0.060788099999999998,0.060796799999999998,0.060805499999999998,0.060814199999999999,0.060823000000000002,0.060831700000000002,0.060837500000000003,0.060846200000000003,0.060854900000000003,0.0608637,0.0608695,0.0608782,0.060886900000000001,0.060895600000000001,0.060904300000000001,0.060913000000000002,0.060921799999999998,0.060930499999999999,0.060936299999999999,0.060944999999999999,0.0609537,0.060962500000000003,0.060971200000000003,0.060979899999999997,0.060985699999999997,0.060994399999999997,0.061006100000000001,0.061011900000000001,0.061020600000000001,0.061029300000000002,0.061038000000000002,0.061043899999999998,0.061052599999999999,0.061061299999999999,0.061069999999999999,0.0610787,0.0610874,0.061093300000000003,0.061101999999999997,0.061110699999999997,0.061119399999999997,0.061128099999999998,0.061136900000000001,0.061145600000000001,0.061154300000000002,0.061160100000000002,0.061168800000000002,0.061177500000000003,0.061186200000000003,0.061194999999999999,0.0612037,0.0612124,0.061221200000000003,0.061226999999999997,0.061235699999999997,0.061244399999999997,0.061255999999999998,0.061261799999999998,0.061273500000000002,0.061279300000000002,0.061288000000000002,0.061296700000000003,0.061305400000000003,0.061314100000000003,0.06132,0.0613316,0.0613374,0.061346100000000001,0.061354800000000001,0.061363500000000001,0.061372299999999998,0.061380999999999998,0.061389699999999998,0.061395499999999999,0.061404199999999999,0.061412899999999999,0.061421700000000003,0.061430400000000003,0.061439100000000003,0.0614479,0.0614537,0.0614624,0.061471100000000001,0.061479800000000001,0.061488599999999997,0.061497299999999998,0.061505999999999998,0.061511799999999998,0.061520499999999999,0.061529199999999999,0.061538000000000002,0.061546700000000003,0.061555400000000003,0.061564099999999997,0.061572799999999997,0.061581499999999997,0.061590199999999998,0.061599000000000001,0.061607700000000001,0.061616400000000002,0.061622200000000002,0.061630900000000002,0.061639600000000003,0.061645499999999999,0.061654199999999999,0.0616629,0.0616687,0.0616774,0.061686100000000001,0.061694899999999997,0.061703599999999997,0.061709399999999998,0.061718099999999998,0.061726799999999998,0.061735600000000002,0.061741400000000002,0.061750100000000002,0.061758899999999999,0.061767599999999999,0.061773399999999999,0.061785,0.0617908,0.0617995,0.061808200000000001,0.061816999999999997,0.061822799999999997,0.061831499999999998,0.061840199999999998,0.061848899999999998,0.061854800000000001,0.061863500000000002,0.061872200000000002,0.061880900000000003,0.061889600000000003,0.061895400000000003,0.061904099999999997,0.061912799999999997,0.0619216,0.061930300000000001,0.061939000000000001,0.061947799999999997,0.061956499999999998,0.061965199999999998,0.061970999999999998,0.061979699999999999,0.061988399999999999,0.061997200000000002,0.062005900000000003,0.062014600000000003,0.062023300000000003,0.0620321,0.0620408,0.0620466,0.062055300000000001,0.062064000000000001,0.062072700000000001,0.062078500000000002,0.062087200000000002,0.062098899999999999,0.062104699999999999,0.062113399999999999,0.0621221,0.062128000000000003,0.062139600000000003,0.062145400000000003,0.062154099999999997,0.062162799999999997,0.0621716,0.062180300000000001,0.062189000000000001,0.062197700000000002,0.062206400000000002,0.062212200000000002,0.062220900000000003,0.062229600000000003,0.062238399999999999,0.0622471,0.0622558,0.062264600000000003,0.062273299999999997,0.062281999999999997,0.062287799999999997,0.062299399999999998,0.062308099999999998,0.062316799999999999,0.062325600000000002,0.062331400000000002,0.062340100000000002,0.062348800000000003,0.062354699999999999,0.062363399999999999,0.0623721,0.0623837,0.062389500000000001,0.062401199999999997,0.062406999999999997,0.062415699999999998,0.062424399999999998,0.062436100000000001,0.062441900000000002,0.062450600000000002,0.062459300000000002,0.062468000000000003,0.062476700000000003,0.062485400000000003,0.062494099999999997,0.0625029,0.0625116,0.062520300000000001,0.062529000000000001,0.062534900000000004,0.062543600000000005,0.062552300000000005,0.062561000000000005,0.062569700000000006,0.062578400000000006,0.062587199999999996,0.062595899999999996,0.062604599999999996,0.0626134,0.0626221,0.0626279,0.062636600000000001,0.062645300000000001,0.062654000000000001,0.062662700000000002,0.062671400000000002,0.062680200000000005,0.062688900000000006,0.062697600000000006,0.062706300000000006,0.062715099999999996,0.062723799999999996,0.062729599999999996,0.062738299999999997,0.062744099999999997,0.062752799999999997,0.062761499999999998,0.062770300000000001,0.062779000000000001,0.062787700000000002,0.062796500000000005,0.062805200000000005,0.062811000000000006,0.062822600000000006,0.062828400000000006,0.062837100000000007,0.062845799999999993,0.062854599999999997,0.062863299999999997,0.062871999999999997,0.062880699999999998,0.062889399999999998,0.062895300000000001,0.062904000000000002,0.062912700000000002,0.062921400000000002,0.062927200000000003,0.062935900000000003,0.062944600000000003,0.062953400000000007,0.062959200000000007,0.062967899999999993,0.062976599999999994,0.062985399999999997,0.062994099999999997,0.063002799999999998,0.063008599999999998,0.063017299999999998,0.063025999999999999,0.063034800000000002,0.063040600000000002,0.063052200000000003,0.063060900000000003,0.063069600000000003,0.063078300000000004,0.063087099999999993,0.063095799999999994,0.063104499999999994,0.063110299999999994,0.063118999999999995,0.063127699999999995,0.063136499999999998,0.063145199999999999,0.063153899999999999,0.063162700000000002,0.063171400000000003,0.063180100000000003,0.063185900000000003,0.063194600000000004,0.063203300000000004,0.063212000000000004,0.063220799999999994,0.063229499999999994,0.063238199999999994,0.063246999999999998,0.063255699999999998,0.063264399999999998,0.063273099999999999,0.063281799999999999,0.0632905,0.063296400000000003,0.063308000000000003,0.063313800000000003,0.063322500000000004,0.063331200000000004,0.063337000000000004,0.063345700000000005,0.063354400000000005,0.063363199999999995,0.063371899999999995,0.063380599999999995,0.063389299999999996,0.063398099999999999,0.063406799999999999,0.0634126,0.0634213,0.06343,0.063438700000000001,0.063447500000000004,0.063456200000000004,0.063462000000000005,0.063470700000000005,0.063479400000000005,0.063488100000000006,0.063493999999999995,0.063502699999999995,0.063511399999999996,0.063520099999999996,0.063528899999999999,0.0635376,0.0635434,0.0635521,0.063560800000000001,0.063569600000000004,0.063575400000000004,0.063584100000000005,0.063592800000000005,0.063598600000000005,0.063607300000000006,0.063616000000000006,0.063624799999999995,0.063633499999999996,0.063639299999999996,0.063647999999999996,0.063656799999999999,0.0636655,0.0636742,0.063682900000000001,0.063691600000000001,0.063697400000000001,0.063709100000000005,0.063714900000000005,0.063723600000000005,0.063732300000000006,0.063738100000000006,0.063746800000000006,0.063755500000000007,0.063767199999999996,0.063772999999999996,0.063781699999999997,0.063790399999999997,0.063799099999999997,0.063807900000000001,0.063816600000000001,0.063825300000000001,0.063834100000000005,0.063842800000000005,0.063851500000000005,0.063860200000000006,0.063866000000000006,0.063877600000000007,0.063886299999999993,0.063892199999999996,0.063900899999999997,0.063909599999999997,0.063918299999999997,0.063926999999999998,0.063935699999999998,0.063941600000000001,0.063950300000000002,0.063959000000000002,0.063967700000000002,0.063976500000000006,0.063985200000000006,0.063993900000000006,0.063999700000000007,0.064011299999999993,0.064017199999999996,0.064025899999999997,0.064034599999999997,0.064043299999999997,0.064051999999999998,0.064060699999999998,0.064069399999999999,0.064078200000000002,0.064086900000000002,0.064092700000000002,0.064101400000000003,0.064110100000000003,0.064116000000000006,0.064127600000000007,0.064136299999999993,0.064144999999999994,0.064150899999999997,0.064159599999999997,0.064168299999999998,0.064176999999999998,0.064185699999999998,0.064191499999999999,0.064200199999999999,0.064208899999999999,0.064217700000000003,0.064226400000000003,0.064235100000000003,0.064240900000000004,0.064249600000000004,0.064258399999999993,0.064267099999999994,0.064272899999999994,0.064281599999999994,0.064290299999999995,0.064298999999999995,0.064307799999999998,0.064316499999999999,0.064322299999999999,0.064330999999999999,0.0643397,0.0643484,0.064357200000000003,0.064365900000000004,0.064374600000000004,0.064383399999999993,0.064392099999999994,0.064400799999999994,0.064406599999999994,0.064415299999999995,0.064423999999999995,0.064432699999999996,0.064441499999999999,0.064447299999999999,0.064455999999999999,0.0644647,0.0644705,0.064482200000000003,0.064490900000000004,0.064499600000000004,0.064508300000000005,0.064517000000000005,0.064525700000000005,0.064534499999999995,0.064540299999999995,0.064548999999999995,0.064557699999999996,0.064566499999999999,0.064575199999999999,0.0645839,0.0645926,0.0645984,0.064607100000000001,0.064615800000000001,0.064624600000000004,0.064633300000000005,0.064639100000000005,0.064647800000000005,0.064656500000000006,0.064665200000000006,0.064673999999999995,0.064682699999999996,0.064691399999999996,0.064700199999999999,0.0647089,0.0647147,0.064726300000000001,0.064732100000000001,0.064740800000000001,0.064749600000000004,0.064758300000000005,0.064767000000000005,0.064772800000000005,0.064784499999999995,0.064790299999999995,0.064798999999999995,0.064807699999999996,0.064813499999999996,0.064822199999999996,0.064830899999999997,0.0648397,0.0648455,0.064854200000000001,0.064862900000000001,0.064871700000000004,0.064880400000000005,0.064889100000000005,0.064894900000000005,0.064903600000000006,0.064912300000000006,0.064921000000000006,0.064929799999999996,0.064938499999999996,0.064947199999999997,0.064952999999999997,0.064961699999999997,0.064970399999999998,0.064981999999999998,0.064987900000000001,0.064996600000000002,0.065005300000000002,0.065014000000000002,0.065019900000000005,0.065028600000000006,0.065037300000000006,0.065048900000000007,0.065057699999999996,0.065063499999999996,0.065072199999999997,0.065080899999999997,0.065089599999999997,0.065098299999999998,0.065104099999999998,0.065115800000000001,0.065121600000000002,0.065130300000000002,0.065139000000000002,0.065144900000000006,0.065156500000000006,0.065162300000000006,0.065173900000000007,0.065179699999999993,0.065188399999999994,0.065197099999999994,0.065205899999999997,0.065211699999999997,0.065220399999999998,0.065229099999999998,0.065237900000000001,0.065246600000000002,0.065255300000000002,0.065264000000000003,0.065272700000000003,0.065278500000000003,0.065287200000000004,0.065295900000000004,0.065301799999999993,0.065313399999999994,0.065319199999999994,0.065327899999999994,0.065336599999999995,0.065345299999999995,0.065351199999999998,0.065359899999999999,0.065368700000000002,0.065377400000000002,0.065386100000000003,0.065394800000000003,0.065403500000000003,0.065412200000000004,0.065418000000000004,0.065426700000000004,0.065435499999999994,0.065444199999999994,0.065452899999999994,0.065458699999999995,0.065470399999999998,0.065476199999999998,0.065487799999999999,0.065493599999999999,0.065502299999999999,0.065511,0.065519800000000003,0.065528500000000003,0.065534300000000004,0.065543000000000004,0.065551799999999993,0.065560499999999994,0.065569199999999994,0.065577899999999995,0.065586599999999995,0.065595299999999995,0.065603999999999996,0.065612799999999999,0.065621499999999999,0.0656302,0.0656389,0.065647700000000003,0.065656400000000004,0.065665100000000004,0.065670900000000004,0.065679600000000005,0.065688300000000005,0.065697099999999994,0.065702899999999995,0.065714499999999995,0.065720299999999995,0.065728999999999996,0.065737699999999996,0.065746499999999999,0.0657552,0.065761,0.0657697,0.065778400000000001,0.065787200000000004,0.065795900000000004,0.065804600000000005,0.065813300000000005,0.065819100000000005,0.065827800000000006,0.065836500000000006,0.065845299999999995,0.065853999999999996,0.065862699999999996,0.065871399999999997,0.0658802,0.0658889,0.065897600000000001,0.065906300000000001,0.065912100000000001,0.065920800000000002,0.065929600000000005,0.065938300000000005,0.065947000000000006,0.065952800000000006,0.065961500000000006,0.065970200000000007,0.065981899999999996,0.065987699999999996,0.065996399999999997,0.066005099999999997,0.0660139,0.066022600000000001,0.066028400000000001,0.066037100000000001,0.066045900000000005,0.066054600000000005,0.066063300000000005,0.066072000000000006,0.066080700000000006,0.066089400000000006,0.066098100000000007,0.066103999999999996,0.066115599999999997,0.066121399999999997,0.066130099999999997,0.066138799999999998,0.066147600000000001,0.066156300000000001,0.066162100000000001,0.066170800000000002,0.066179500000000002,0.066188200000000003,0.066194100000000006,0.066202800000000006,0.066211500000000006,0.066220200000000007,0.066228899999999993,0.066237599999999994,0.066243499999999997,0.066252199999999997,0.066260899999999998,0.066269599999999998,0.066278299999999998,0.066286999999999999,0.066295800000000002,0.066301600000000002,0.066313200000000003,0.066319000000000003,0.066327800000000006,0.066336500000000007,0.066345199999999993,0.066353899999999993,0.066362599999999994,0.066371299999999994,0.066380099999999997,0.066388799999999998,0.066397499999999998,0.066406300000000001,0.066415000000000002,0.066423700000000002,0.066432400000000003,0.066441100000000003,0.066449800000000003,0.066458500000000004,0.066467300000000007,0.066475999999999993,0.066484699999999994,0.066493399999999994,0.066499199999999994,0.066507899999999995,0.066516599999999995,0.066525399999999998,0.066534099999999999,0.066542799999999999,0.066551600000000002,0.066557400000000003,0.066566100000000003,0.066574800000000003,0.066580600000000004,0.066592200000000004,0.066598099999999993,0.066606799999999994,0.066618399999999994,0.066627099999999995,0.066632899999999995,0.066641599999999995,0.066653299999999999,0.066659099999999999,0.066667799999999999,0.0666765,0.066685300000000003,0.066694000000000003,0.066702700000000004,0.066711400000000004,0.066720100000000004,0.066728800000000005,0.066737500000000005,0.066743399999999994,0.066754999999999995,0.066760799999999995,0.066769499999999996,0.066778299999999999,0.066786999999999999,0.0667957,0.0668044,0.0668131,0.066819000000000003,0.066827700000000004,0.066836400000000004,0.066845100000000005,0.066853800000000005,0.066859600000000005,0.066871299999999995,0.066879999999999995,0.066885799999999995,0.066894499999999996,0.066903199999999996,0.066911999999999999,0.0669178,0.0669265,0.0669352,0.066941000000000001,0.066949700000000001,0.066958400000000001,0.066964300000000004,0.066975900000000005,0.066981700000000005,0.066993300000000006,0.066999100000000006,0.067007800000000006,0.067016599999999996,0.067028199999999996,0.067033999999999996,0.067042699999999997,0.067051399999999997,0.067060099999999997,0.067068900000000001,0.067077600000000001,0.067086300000000001,0.067095100000000005,0.067103800000000005,0.067112500000000005,0.067121200000000006,0.067129900000000006,0.067138600000000007,0.067147299999999993,0.067153199999999996,0.067161899999999997,0.067170599999999997,0.0671794,0.067188100000000001,0.067196800000000001,0.067202600000000001,0.067214200000000002,0.067220000000000002,0.067228700000000002,0.067237400000000003,0.067243300000000006,0.067254900000000006,0.067260700000000007,0.067269399999999993,0.067278099999999993,0.067286799999999994,0.067292699999999997,0.067301399999999997,0.067310099999999998,0.067318900000000001,0.067327600000000001,0.067336300000000002,0.067345000000000002,0.067353700000000002,0.067359500000000003,0.067368200000000003,0.067376900000000003,0.067385700000000007,0.067394399999999993,0.067400199999999993,0.067408899999999994,0.067417699999999997,0.067426399999999997,0.067435099999999998,0.067443799999999998,0.067449700000000001,0.067458400000000002,0.067467100000000002,0.067475800000000002,0.067481600000000003,0.067493200000000003,0.067499000000000003,0.067507700000000004,0.067516499999999993,0.067522299999999993,0.067530999999999994,0.067539699999999994,0.067548399999999995,0.067557199999999998,0.067565899999999998,0.067574599999999999,0.067580399999999999,0.067589099999999999,0.0675978,0.067606600000000003,0.067615300000000003,0.067621100000000003,0.067629800000000004,0.067638599999999993,0.067650199999999994,0.067655999999999994,0.067667599999999994,0.067673399999999995,0.067682099999999995,0.067690799999999995,0.067702499999999999,0.067708299999999999,0.067716999999999999,0.0677257,0.067734500000000003,0.067743200000000003,0.067751900000000004,0.067760600000000004,0.067769300000000005,0.067778099999999994,0.067786799999999994,0.067792599999999995,0.067801299999999995,0.067810099999999998,0.067818799999999999,0.067827499999999999,0.067836199999999999,0.0678449,0.0678536,0.0678623,0.067871100000000004,0.067879800000000004,0.067888500000000004,0.067894300000000005,0.067903000000000005,0.067911700000000005,0.067920400000000006,0.067929199999999995,0.067937899999999996,0.067946599999999996,0.067952499999999999,0.0679641,0.0679699,0.0679815,0.067990200000000001,0.067999000000000004,0.068004800000000004,0.068013500000000005,0.068022200000000005,0.068030900000000005,0.068039699999999995,0.068048399999999995,0.068054199999999995,0.068062899999999996,0.068071599999999996,0.068080299999999996,0.0680891,0.0680978,0.0681065,0.068112300000000001,0.068121000000000001,0.068129700000000001,0.068138500000000005,0.068147200000000005,0.068155900000000005,0.068164600000000006,0.068170400000000006,0.068179100000000006,0.068187899999999996,0.068196599999999996,0.068205299999999996,0.068213999999999997,0.0682228,0.0682286,0.068237300000000001,0.068246000000000001,0.068254700000000001,0.068263400000000002,0.068272100000000002,0.068280800000000003,0.068289600000000006,0.068298300000000006,0.068307000000000007,0.068315799999999996,0.068324499999999996,0.068336099999999997,0.068344799999999997,0.068353499999999998,0.068362300000000001,0.068371000000000001,0.068379700000000002,0.068388400000000002,0.068400100000000005,0.068405900000000006,0.068414600000000006,0.068423300000000006,0.068432000000000007,0.068440699999999993,0.068449399999999994,0.068458099999999994,0.068466899999999997,0.068475599999999998,0.068481399999999998,0.068490099999999998,0.068498799999999999,0.068507600000000002,0.068516300000000002,0.068525000000000003,0.068533700000000003,0.068542500000000006,0.068551200000000007,0.068559899999999993,0.068565699999999993,0.068574399999999994,0.068583099999999994,0.068591799999999994,0.068597699999999998,0.068609299999999998,0.068615099999999998,0.068626800000000002,0.068632600000000002,0.068641300000000002,0.068650000000000003,0.068658700000000003,0.068667400000000003,0.068673300000000007,0.068684899999999993,0.068690699999999993,0.068699399999999994,0.068708099999999994,0.068716899999999997,0.068725599999999998,0.068731399999999998,0.068740099999999998,0.068748799999999999,0.068757499999999999,0.068766300000000002,0.068775000000000003,0.068783700000000003,0.068789500000000003,0.068798200000000004,0.068806900000000004,0.068815699999999994,0.068824399999999994,0.068830199999999994,0.068838899999999995,0.068847699999999998,0.068853499999999998,0.068862199999999998,0.068870899999999999,0.068879599999999999,0.0688883,0.068897,0.0689057,0.068911600000000003,0.068923200000000004,0.068929000000000004,0.068937700000000005,0.068946400000000005,0.068958000000000005,0.068963899999999995,0.068972599999999995,0.068981299999999995,0.068990099999999999,0.068998799999999999,0.069007499999999999,0.0690162,0.0690249,0.069033600000000001,0.069042400000000004,0.069051100000000004,0.069056900000000004,0.069065600000000005,0.069074300000000005,0.069083099999999995,0.069091799999999995,0.069100499999999995,0.069106299999999996,0.069114999999999996,0.069126599999999996,0.0691325,0.0691412,0.0691499,0.069158600000000001,0.069164500000000004,0.069173200000000004,0.069181900000000005,0.069190600000000005,0.069196400000000005,0.069205100000000006,0.069213899999999995,0.069222599999999995,0.069231299999999996,0.069239999999999996,0.069248699999999996,0.069257399999999997,0.069266099999999997,0.0692749,0.069283600000000001,0.069292300000000001,0.069301000000000001,0.069306900000000005,0.069315600000000005,0.069324300000000005,0.069330100000000006,0.069341700000000006,0.069347599999999995,0.069356299999999996,0.069364999999999996,0.069373699999999996,0.069382399999999997,0.069388199999999997,0.069396899999999997,0.069405599999999998,0.069414400000000001,0.069423100000000001,0.069431800000000002,0.069440500000000002,0.069449300000000005,0.069458000000000006,0.069466700000000006,0.069472500000000006,0.069481200000000007,0.069489899999999993,0.069498699999999997,0.069504499999999997,0.069513199999999997,0.069521899999999998,0.069530599999999998,0.069539400000000001,0.069548100000000002,0.069556800000000002,0.069565500000000002,0.069571400000000005,0.069580100000000006,0.069588800000000006,0.069597500000000007,0.069609099999999993,0.069617899999999996,0.069626599999999997,0.069632399999999997,0.069641099999999997,0.069649799999999998,0.069658499999999998,0.069667300000000001,0.069676000000000002,0.069684700000000002,0.069690500000000002,0.069699200000000003,0.069707900000000003,0.069716700000000006,0.069725400000000007,0.069731199999999993,0.069739899999999994,0.069748699999999997,0.069757399999999997,0.069766099999999998,0.069774799999999998,0.069783499999999998,0.069789299999999999,0.069797999999999999,0.069806699999999999,0.069815500000000003,0.069824200000000003,0.069832900000000003,0.069841600000000004,0.069850400000000007,0.069856199999999993,0.069864899999999994,0.069873599999999994,0.069882299999999994,0.069891099999999998,0.069899799999999998,0.069905599999999998,0.069914299999999999,0.069922999999999999,0.069931800000000002,0.069940500000000003,0.069949200000000003,0.069957900000000003,0.069963700000000004,0.069975300000000004,0.069981100000000004,0.069989800000000005,0.069998599999999994,0.070007299999999995,0.070015999999999995,0.070021899999999998,0.070033499999999999,0.070039299999999999,0.070047999999999999,0.0700567,0.070065500000000003,0.070074200000000003,0.070082900000000004,0.070091600000000004,0.070100300000000004,0.070109000000000005,0.070114899999999994,0.070123599999999994,0.070132299999999995,0.070138099999999995,0.070146799999999995,0.070155499999999996,0.070161399999999999,0.070172999999999999,0.0701788,0.0701904,0.0701962,0.070204900000000001,0.070213600000000001,0.070225300000000004,0.070231100000000005,0.070239800000000005,0.070248599999999994,0.070257299999999995,0.070265999999999995,0.070274699999999996,0.070283399999999996,0.070292099999999996,0.070300799999999997,0.0703096,0.0703183,0.070327000000000001,0.070335700000000001,0.070341500000000001,0.070350200000000002,0.070359000000000005,0.070364800000000005,0.070376400000000006,0.070382299999999995,0.070390999999999995,0.070399699999999996,0.070408399999999996,0.070417099999999996,0.070425799999999997,0.070434499999999997,0.0704433,0.070452000000000001,0.070457800000000001,0.070469400000000001,0.070475200000000002,0.070486900000000005,0.070492700000000005,0.070501400000000006,0.070510100000000006,0.070518800000000006,0.070527599999999996,0.070533399999999996,0.070542099999999996,0.070550799999999997,0.070556599999999997,0.070565299999999997,0.070573999999999998,0.070582800000000001,0.070591500000000001,0.070600200000000002,0.070609000000000005,0.070614800000000005,0.070623500000000006,0.070632200000000006,0.070640900000000006,0.070649600000000007,0.070658299999999993,0.070666999999999994,0.070675799999999997,0.070684499999999997,0.070690299999999998,0.070698999999999998,0.070707699999999998,0.070716500000000002,0.070722300000000002,0.070731000000000002,0.070739700000000003,0.070748500000000006,0.070757200000000006,0.070765900000000007,0.070774599999999993,0.070783299999999993,0.070791999999999994,0.070797899999999997,0.070806599999999997,0.070815299999999998,0.070823999999999998,0.070832699999999998,0.070841399999999999,0.070850099999999999,0.070858900000000002,0.070864700000000003,0.070873400000000003,0.070879200000000003,0.070890900000000007,0.070899599999999993,0.070905399999999993,0.070914099999999994,0.070922799999999994,0.070931599999999997,0.070940299999999998,0.070948999999999998,0.070957699999999999,0.070966399999999999,0.070975099999999999,0.070981000000000002,0.070989700000000003,0.071001300000000003,0.071010000000000004,0.071015800000000004,0.071024599999999993,0.071033299999999994,0.071039099999999994,0.071050699999999994,0.071059399999999995,0.071068099999999995,0.071076899999999998,0.071085599999999999,0.071094299999999999,0.071103100000000002,0.071108900000000003,0.071117600000000003,0.071126300000000003,0.071135000000000004,0.071143700000000004,0.071149500000000004,0.071161199999999994,0.071166999999999994,0.071175699999999995,0.071184399999999995,0.071193099999999995,0.071201799999999996,0.071210499999999996,0.071219299999999999,0.071228,0.0712338,0.0712425,0.071251200000000001,0.071260000000000004,0.071268700000000004,0.071274500000000005,0.071283200000000005,0.071289000000000005,0.071300699999999995,0.071309399999999995,0.071315199999999995,0.071323899999999996,0.071332599999999996,0.071341399999999999,0.0713472,0.0713588,0.0713675,0.071376200000000001,0.071382100000000004,0.071390800000000004,0.071399500000000005,0.071408200000000005,0.071416900000000005,0.071422700000000006,0.071431400000000006,0.071440100000000006,0.071451799999999996,0.071457599999999996,0.071466299999999996,0.071474999999999997,0.071483699999999997,0.0714925,0.071498300000000001,0.071507000000000001,0.071515700000000001,0.071524500000000005,0.071533200000000005,0.071541900000000005,0.071550600000000006,0.071556400000000006,0.071565100000000006,0.071573800000000007,0.071582599999999996,0.071591299999999997,0.071597099999999997,0.0716088,0.071617500000000001,0.071626200000000001,0.071632000000000001,0.071640700000000002,0.071649400000000002,0.071658200000000005,0.071666900000000006,0.071672700000000006,0.071684300000000006,0.071690100000000007,0.071698799999999993,0.071707599999999996,0.071716299999999997,0.071722099999999997,0.071730799999999997,0.071739499999999998,0.071748300000000001,0.071757000000000001,0.071765700000000002,0.071774400000000002,0.071783100000000002,0.071791800000000003,0.071800500000000003,0.071809300000000006,0.071815100000000007,0.071823799999999993,0.071832499999999994,0.071841299999999997,0.071847099999999997,0.071855799999999997,0.071864499999999998,0.071873199999999998,0.071882000000000001,0.071890700000000002,0.071899400000000002,0.071908100000000003,0.071916800000000003,0.071922600000000003,0.071934300000000007,0.071940100000000007,0.071948799999999993,0.071957499999999994,0.071966199999999994,0.071974899999999994,0.071983699999999998,0.071992399999999998,0.072001099999999998,0.072009799999999999,0.072018600000000002,0.072027300000000002,0.072033100000000003,0.072041800000000003,0.072050500000000003,0.072059300000000007,0.072065100000000007,0.072073799999999993,0.072082499999999994,0.072091199999999994,0.072099899999999995,0.072108599999999995,0.072117299999999995,0.072126099999999999,0.072134799999999999,0.072143499999999999,0.072152300000000003,0.072161000000000003,0.072166800000000003,0.072175500000000004,0.072184200000000004,0.072192999999999993,0.072201699999999994,0.072213299999999994,0.072219099999999994,0.072227799999999995,0.072236499999999995,0.072245199999999996,0.072253999999999999,0.072262699999999999,0.0722714,0.072280200000000003,0.072288900000000003,0.072294700000000003,0.072306300000000004,0.072312100000000004,0.072320800000000005,0.072329500000000005,0.072338200000000005,0.072346999999999995,0.072352799999999995,0.072361499999999995,0.072370199999999996,0.072378999999999999,0.072387699999999999,0.0723964,0.0724051,0.0724138,0.072422500000000001,0.072431300000000004,0.072440000000000004,0.072445800000000005,0.072454500000000005,0.072463200000000005,0.072471900000000006,0.072480699999999995,0.072489399999999996,0.072498099999999996,0.072503899999999996,0.0725156,0.0725243,0.072533,0.072541700000000001,0.072550400000000001,0.072559100000000001,0.072567900000000005,0.072576600000000005,0.072585300000000005,0.072591100000000006,0.072599800000000006,0.072608500000000006,0.072614399999999996,0.072623099999999996,0.072631799999999996,0.0726406,0.0726493,0.072658,0.072666700000000001,0.072675400000000001,0.072681200000000001,0.072689900000000002,0.072698600000000002,0.072707400000000005,0.072713200000000006,0.072724800000000006,0.072733500000000006,0.072739399999999996,0.072748099999999996,0.072756799999999996,0.072765499999999997,0.072771299999999997,0.072782899999999998,0.072788800000000001,0.072797500000000001,0.072806200000000001,0.072814900000000002,0.072823600000000002,0.072832300000000003,0.072838200000000006,0.072846900000000006,0.072855600000000006,0.072864300000000007,0.072872999999999993,0.072881699999999994,0.072890499999999997,0.072899199999999997,0.072907899999999998,0.072916599999999998,0.072925400000000001,0.072934100000000002,0.072939900000000002,0.072948600000000002,0.072957300000000003,0.072966000000000003,0.072974800000000006,0.072983500000000007,0.072989299999999993,0.072997999999999993,0.073006699999999994,0.073015399999999994,0.073024199999999997,0.073032899999999998,0.073041599999999998,0.073047399999999998,0.073056099999999999,0.073062000000000002,0.073070700000000002,0.073079400000000003,0.073088100000000003,0.073096900000000006,0.073102700000000007,0.073114299999999993,0.073120099999999993,0.073128799999999994,0.073137499999999994,0.073143299999999994,0.073152099999999998,0.073160799999999998,0.073169499999999998,0.073175299999999999,0.073183999999999999,0.073189900000000002,0.073198600000000003,0.073207300000000003,0.073216000000000003,0.073224700000000004,0.073233400000000004,0.073242100000000004,0.073247999999999994,0.073256699999999994,0.073265399999999994,0.073274199999999998,0.073282899999999998,0.073288699999999998,0.073300299999999999,0.073306099999999999,0.073314799999999999,0.0733235,0.073329400000000003,0.073338100000000003,0.073346800000000004,0.073355500000000004,0.073364200000000004,0.073372900000000005,0.073381600000000005,0.073390399999999995,0.073399099999999995,0.073407799999999995,0.073416599999999999,0.073422399999999999,0.073431099999999999,0.0734398,0.0734456,0.073457300000000003,0.073466000000000004,0.073474700000000004,0.073483400000000004,0.073492100000000005,0.073497900000000005,0.073509599999999994,0.073515399999999995,0.073526999999999995,0.073532799999999995,0.073541499999999996,0.073550199999999996,0.073558899999999997,0.0735677,0.0735735,0.0735822,0.073590900000000001,0.073599700000000004,0.073608400000000004,0.073617100000000005,0.073625800000000005,0.073634500000000006,0.073643299999999995,0.073649099999999995,0.073660699999999996,0.073666499999999996,0.073675299999999999,0.073683999999999999,0.0736927,0.0736985,0.0737072,0.073715900000000001,0.073724600000000001,0.073730400000000001,0.073739100000000002,0.073750800000000005,0.073759500000000006,0.073768200000000006,0.073774000000000006,0.073782700000000007,0.073791499999999996,0.073800199999999996,0.073805999999999997,0.073817599999999997,0.0738235,0.073832200000000001,0.073840900000000001,0.073849600000000001,0.073858300000000002,0.073867000000000002,0.073875800000000005,0.073881600000000006,0.073890300000000006,0.073899000000000006,0.073907700000000007,0.073916499999999996,0.073922299999999996,0.073933899999999997,0.073939699999999997,0.073948399999999997,0.073957099999999998,0.073965900000000001,0.073974600000000001,0.073983300000000002,0.073992100000000005,0.073997900000000005,0.074006600000000006,0.074015300000000006,0.074024000000000006,0.074032700000000007,0.074041399999999993,0.074050099999999994,0.074058899999999997,0.074064699999999997,0.074076299999999998,0.074084999999999998,0.074090799999999998,0.074099499999999999,0.074108300000000002,0.074117000000000002,0.074122800000000003,0.074131500000000003,0.074140200000000003,0.074149000000000007,0.074154800000000007,0.074166399999999993,0.074175099999999994,0.074183799999999994,0.074192599999999997,0.074198399999999998,0.074207099999999998,0.074218699999999999,0.074227399999999999,0.074233300000000002,0.074244900000000003,0.074250700000000003,0.074259400000000003,0.074265200000000003,0.074274000000000007,0.074282699999999993,0.074288499999999993,0.074297199999999994,0.074305899999999994,0.074314699999999997,0.074323399999999998,0.074332099999999998,0.074340799999999999,0.074349499999999999,0.074358199999999999,0.074364100000000002,0.074375700000000003,0.074384400000000003,0.074390200000000004,0.074398900000000004,0.074407600000000004,0.074416399999999994,0.074422199999999994,0.074430899999999994,0.074439599999999995,0.074448399999999998,0.074457099999999998,0.074465799999999999,0.074474499999999999,0.074480299999999999,0.074492000000000003,0.074497800000000003,0.074506500000000003,0.074515200000000004,0.074523900000000004,0.074532600000000004,0.074541300000000005,0.074550000000000005,0.074558799999999995,0.074567499999999995,0.074576199999999995,0.074584899999999996,0.074590799999999999,0.074599499999999999,0.0746082,0.0746169,0.0746256,0.074631500000000003,0.074640200000000004,0.074648900000000004,0.074657600000000005,0.074666300000000005,0.074675000000000005,0.074683700000000006,0.074689599999999995,0.074698299999999995,0.074706999999999996,0.074715699999999996,0.074724399999999996,0.074733099999999997,0.0747419,0.0747506,0.074759300000000001,0.074768000000000001,0.074773900000000004,0.074782600000000005,0.074794200000000005,0.074800000000000005,0.074808700000000006,0.074817400000000006,0.074823299999999995,0.074834899999999996,0.074840699999999996,0.074849399999999996,0.074858099999999997,0.074864,0.0748727,0.074881400000000001,0.074890100000000001,0.074898800000000001,0.074907500000000002,0.074916300000000005,0.074922100000000005,0.074930800000000006,0.074939500000000006,0.074948299999999995,0.074956999999999996,0.074965699999999996,0.074974399999999997,0.074983099999999997,0.074991799999999997,0.075000499999999998,0.075006400000000001,0.075015100000000001,0.075020900000000001,0.075032500000000002,0.075038400000000005,0.075047100000000005,0.075052900000000006,0.075061600000000006,0.075070300000000006,0.075076100000000007,0.075084799999999993,0.075093499999999994,0.075102299999999997,0.075108099999999997,0.075116799999999997,0.075125499999999998,0.075134199999999998,0.075143000000000001,0.075151700000000002,0.075160400000000002,0.075166200000000002,0.075174900000000003,0.075183600000000003,0.075192400000000006,0.075201100000000007,0.075209799999999993,0.075218599999999997,0.075227299999999997,0.075235999999999997,0.075241799999999998,0.075253399999999998,0.075259199999999998,0.075270900000000002,0.075279600000000002,0.075285400000000002,0.075294100000000003,0.075305700000000003,0.075311500000000003,0.075320300000000007,0.075328999999999993,0.075334799999999993,0.075343499999999994,0.075355099999999994,0.075360999999999997,0.075369699999999998,0.075378399999999998,0.075387099999999999,0.075392899999999999,0.075401599999999999,0.0754103,0.075419100000000003,0.075427800000000003,0.075436500000000004,0.075445200000000004,0.075453999999999993,0.075462699999999994,0.075471399999999994,0.075480099999999994,0.075488799999999995,0.075497499999999995,0.075503399999999998,0.075514999999999999,0.075520799999999999,0.0755324,0.075538300000000003,0.075547000000000003,0.075555700000000003,0.075564400000000004,0.075573100000000004,0.075578999999999993,0.075587699999999994,0.075596399999999994,0.075605099999999995,0.075613799999999995,0.075622499999999995,0.075631199999999996,0.075639999999999999,0.075648699999999999,0.0756574,0.0756632,0.075674900000000003,0.075680700000000004,0.075689400000000004,0.075698100000000004,0.075706800000000005,0.075715500000000005,0.075724299999999994,0.075732999999999995,0.075741699999999995,0.075750399999999996,0.075759099999999996,0.075767899999999999,0.075773699999999999,0.0757824,0.0757911,0.0757969,0.075805600000000001,0.075814300000000001,0.075823100000000004,0.075831800000000005,0.075840500000000005,0.075849200000000006,0.075857999999999995,0.075866699999999995,0.075872499999999996,0.075881199999999996,0.075889999999999999,0.075898699999999999,0.0759074,0.0759161,0.075924800000000001,0.075933500000000001,0.075945100000000001,0.075951000000000005,0.075959700000000005,0.075968400000000005,0.075977100000000006,0.075982900000000006,0.075991600000000006,0.075997499999999996,0.076006199999999996,0.076014899999999996,0.076023599999999997,0.076032299999999997,0.0760411,0.076049800000000001,0.076058500000000001,0.076064300000000001,0.076075900000000002,0.076084700000000005,0.076090500000000005,0.076099200000000006,0.076107900000000006,0.076116600000000006,0.076125399999999996,0.076134099999999996,0.076142799999999997,0.076148599999999997,0.076160199999999997,0.076165999999999998,0.076174699999999998,0.076183500000000001,0.076192200000000002,0.076200900000000002,0.076209600000000002,0.076218400000000006,0.076227100000000006,0.076235800000000006,0.076241600000000007,0.076250299999999993,0.076258999999999993,0.076267799999999997,0.076276499999999997,0.076285199999999997,0.076293899999999998,0.076302700000000001,0.076311400000000001,0.076320100000000002,0.076328800000000002,0.076337500000000003,0.076346200000000003,0.076352100000000006,0.076360800000000006,0.076369500000000007,0.076378199999999993,0.076386899999999994,0.076395599999999994,0.076404299999999994,0.076413099999999998,0.076418899999999998,0.076427599999999998,0.076436299999999999,0.076445100000000002,0.076453800000000002,0.076459600000000003,0.076468300000000003,0.076477000000000003,0.076485800000000007,0.076494500000000007,0.076500299999999993,0.076508999999999994,0.076517699999999994,0.076526399999999994,0.076535199999999998,0.076543899999999998,0.076549699999999998,0.076558399999999999,0.076567099999999999,0.076575799999999999,0.076584600000000003,0.076590400000000003,0.076599100000000003,0.076607800000000004,0.076616600000000007,0.076622399999999993,0.076631099999999994,0.076639799999999994,0.076648499999999994,0.076657199999999995,0.076665899999999995,0.076674599999999996,0.076683399999999999,0.076692099999999999,0.0767008,0.076706700000000003,0.076718300000000003,0.076724100000000003,0.076732800000000004,0.076741500000000004,0.076747300000000004,0.076756000000000005,0.076764700000000005,0.076773499999999995,0.076782199999999995,0.076790899999999995,0.076799699999999999,0.076808399999999999,0.076817099999999999,0.0768229,0.0768316,0.0768403,0.076849000000000001,0.076857800000000004,0.076869400000000004,0.076875200000000005,0.076883900000000005,0.076892600000000005,0.076898499999999995,0.076907199999999995,0.076915899999999995,0.076921699999999996,0.076933399999999999,0.076939199999999999,0.0769479,0.0769566,0.0769653,0.076974000000000001,0.076982700000000001,0.076991400000000002,0.077000200000000005,0.077008900000000005,0.077017600000000006,0.077023499999999995,0.077032199999999995,0.077040899999999995,0.077049599999999996,0.077058299999999996,0.077066999999999997,0.077075699999999997,0.0770845,0.0770903,0.077099000000000001,0.077107700000000001,0.077113500000000001,0.077125200000000005,0.077131000000000005,0.077139700000000005,0.077148400000000006,0.077157100000000006,0.077165800000000007,0.077174599999999996,0.077183299999999996,0.077189099999999997,0.077197799999999997,0.077206499999999997,0.077215199999999998,0.077224000000000001,0.077232700000000001,0.077241400000000002,0.077250200000000005,0.077258900000000005,0.077267600000000006,0.077276300000000006,0.077285000000000006,0.077293700000000007,0.077299599999999996,0.077308299999999996,0.077316999999999997,0.077322799999999997,0.077334399999999998,0.077340300000000001,0.077349000000000001,0.077357700000000001,0.077366400000000002,0.077375100000000002,0.077383800000000003,0.077392500000000003,0.077401300000000006,0.077407100000000006,0.077415800000000007,0.077424499999999993,0.077433299999999997,0.077439099999999997,0.077447799999999997,0.077456499999999998,0.077465199999999998,0.077473899999999998,0.077482599999999999,0.077491400000000002,0.077497200000000002,0.077505900000000003,0.077514600000000003,0.077523400000000006,0.077532100000000007,0.077540799999999993,0.077546599999999993,0.077555299999999994,0.077563999999999994,0.077572799999999997,0.077581499999999998,0.077590199999999998,0.077595999999999998,0.077607599999999999,0.077613500000000002,0.077622200000000002,0.077630900000000003,0.077639600000000003,0.077648300000000003,0.077657000000000004,0.077662900000000007,0.077671599999999993,0.077680299999999994,0.077688999999999994,0.077694799999999994,0.077703499999999995,0.077712199999999995,0.077720999999999998,0.077729699999999999,0.077738399999999999,0.0777471,0.077755900000000003,0.077764600000000003,0.077773300000000004,0.077782000000000004,0.077790700000000004,0.077799400000000005,0.077805299999999994,0.077813999999999994,0.077822699999999995,0.077828499999999995,0.077837199999999995,0.077845999999999999,0.077854699999999999,0.077863399999999999,0.0778721,0.077880900000000003,0.077889600000000003,0.077898300000000004,0.077904100000000004,0.077915700000000004,0.077921500000000005,0.077930200000000005,0.077938900000000005,0.077947699999999995,0.077956399999999995,0.077965099999999996,0.077973899999999999,0.077979699999999999,0.0779913,0.0779971,0.0780058,0.078014500000000001,0.078020400000000004,0.078029100000000004,0.078037800000000004,0.078046500000000005,0.078055200000000005,0.078063900000000006,0.078072600000000006,0.078081399999999995,0.078090099999999996,0.078098799999999996,0.078107599999999999,0.0781163,0.0781221,0.0781308,0.078142400000000001,0.078151100000000001,0.078159900000000004,0.078168600000000005,0.078177300000000005,0.078183100000000005,0.078191800000000006,0.078200500000000006,0.078209299999999995,0.078217999999999996,0.078226699999999996,0.078232499999999996,0.078241199999999997,0.078249899999999997,0.0782587,0.078264500000000001,0.078273200000000001,0.078281900000000001,0.078287700000000002,0.078296400000000002,0.078305100000000002,0.078313900000000006,0.078322600000000006,0.078331300000000006,0.078340099999999996,0.078345899999999996,0.078357499999999997,0.078363299999999997,0.078371999999999997,0.078380699999999998,0.078392299999999998,0.078398200000000001,0.078409800000000002,0.078415600000000002,0.078424300000000002,0.078433000000000003,0.078441800000000006,0.078447600000000006,0.078456300000000007,0.078464999999999993,0.078473799999999996,0.078482499999999997,0.078491199999999997,0.078499899999999997,0.078508599999999998,0.078517299999999998,0.078523200000000001,0.078531900000000002,0.078540600000000002,0.078549300000000002,0.078558100000000006,0.078566800000000006,0.078575500000000006,0.078584200000000007,0.078589999999999993,0.078601699999999997,0.078607499999999997,0.078613299999999997,0.078621999999999997,0.078630699999999998,0.078639399999999998,0.078648099999999999,0.078656799999999999,0.078665499999999999,0.078674300000000003,0.078683000000000003,0.078691700000000003,0.078700400000000004,0.078706300000000007,0.078714999999999993,0.078723699999999994,0.078732399999999994,0.078741199999999997,0.078752799999999998,0.078758599999999998,0.078767299999999998,0.078775999999999999,0.078784800000000002,0.078793500000000002,0.078802200000000003,0.078810900000000003,0.078819600000000004,0.078828300000000004,0.078834199999999993,0.078842899999999994,0.078851599999999994,0.078860299999999994,0.078868999999999995,0.078877699999999995,0.078886399999999995,0.078892299999999999,0.078900999999999999,0.078909699999999999,0.0789184,0.078927200000000003,0.078933000000000003,0.078941700000000004,0.078950400000000004,0.078956200000000004,0.078964900000000005,0.078973600000000005,0.078979499999999994,0.078988199999999995,0.078996899999999995,0.079005599999999995,0.079014399999999999,0.079020199999999999,0.079031799999999999,0.0790376,0.0790463,0.079055,0.079060800000000001,0.079072500000000004,0.079078300000000004,0.079089900000000005,0.079095700000000005,0.079104400000000005,0.079113100000000006,0.079121899999999995,0.079130599999999995,0.079139299999999996,0.079147999999999996,0.079156799999999999,0.0791655,0.0791713,0.07918,0.079188700000000001,0.079197500000000004,0.079206200000000004,0.079214900000000005,0.079223600000000005,0.079229400000000005,0.079241099999999995,0.079249799999999995,0.079255599999999995,0.079264299999999996,0.079272999999999996,0.079281699999999997,0.0792905,0.0792992,0.079307900000000001,0.079316600000000001,0.079322400000000001,0.079331200000000004,0.079339900000000005,0.079348600000000005,0.079357300000000006,0.079366000000000006,0.079371800000000006,0.079380500000000007,0.079389299999999996,0.079397999999999996,0.079406699999999997,0.079415399999999997,0.0794242,0.079432900000000001,0.079438700000000001,0.079447400000000001,0.079456100000000002,0.079464800000000002,0.079473600000000005,0.079482300000000006,0.079491000000000006,0.079496800000000006,0.079508400000000007,0.079514299999999996,0.079522999999999996,0.079531699999999997,0.079540399999999997,0.079549099999999998,0.079557799999999998,0.079566600000000001,0.079572400000000001,0.079581100000000002,0.079589800000000002,0.079598500000000003,0.079604400000000006,0.079613100000000006,0.079621800000000006,0.079630500000000007,0.079639199999999993,0.079647899999999994,0.079653799999999997,0.079662499999999997,0.079671199999999998,0.079679899999999998,0.079688599999999998,0.079697299999999999,0.079706100000000002,0.079714800000000002,0.079723500000000003,0.079729300000000003,0.079738000000000003,0.079746700000000004,0.079755499999999993,0.079764199999999993,0.079772899999999994,0.079781599999999994,0.079790399999999997,0.079799099999999998,0.079804899999999998,0.079813599999999998,0.079822299999999999,0.079830999999999999,0.079839800000000002,0.079848500000000003,0.079857200000000003,0.079866000000000006,0.079874700000000007,0.079883399999999993,0.079892099999999994,0.079897899999999994,0.079909499999999994,0.079915299999999995,0.079921099999999995,0.079929899999999998,0.079938599999999999,0.079950199999999999,0.079955999999999999,0.0799647,0.079973500000000003,0.079982200000000003,0.079988000000000004,0.079999600000000004,0.080005499999999993,0.080017099999999994,0.080025799999999994,0.080031599999999994,0.080043199999999995,0.080049099999999998,0.080057799999999998,0.080066499999999999,0.080075199999999999,0.0800839,0.0800926,0.0801013,0.080110100000000004,0.080118800000000004,0.080124600000000004,0.080133300000000005,0.080142000000000005,0.080150799999999994,0.080159499999999995,0.080165299999999995,0.080173999999999995,0.080182799999999999,0.080191499999999999,0.080197299999999999,0.080206,0.0802147,0.0802234,0.080229200000000001,0.080237900000000001,0.080243800000000004,0.080252500000000004,0.080261200000000005,0.080269900000000005,0.080275700000000005,0.080284400000000006,0.080290299999999995,0.080298999999999995,0.080307699999999996,0.080316399999999996,0.080322299999999999,0.080331,0.0803397,0.0803484,0.080357100000000001,0.080365800000000001,0.080371700000000004,0.080380400000000005,0.080389100000000005,0.080397800000000005,0.080406500000000006,0.080415200000000006,0.080423900000000006,0.080432699999999996,0.080438499999999996,0.080447199999999996,0.080455899999999997,0.080464599999999997,0.0804734,0.080479200000000001,0.080490800000000001,0.080496600000000001,0.080505300000000002,0.080514000000000002,0.080522800000000005,0.080531500000000006,0.080537300000000006,0.080548999999999996,0.080554799999999996,0.080563499999999996,0.080572199999999997,0.080577999999999997,0.080586699999999997,0.080595399999999998,0.080604200000000001,0.080612900000000001,0.080621600000000002,0.080630300000000002,0.080639100000000005,0.080647800000000006,0.080656500000000006,0.080665200000000006,0.080673900000000007,0.080679699999999993,0.080688399999999993,0.080697099999999994,0.080705899999999997,0.080714599999999997,0.080723299999999998,0.080732100000000001,0.080740800000000001,0.080746600000000002,0.080755300000000002,0.080764000000000002,0.080772800000000006,0.080781500000000006,0.080790200000000006,0.080798900000000007,0.080807599999999993,0.080816299999999994,0.080822199999999997,0.080827999999999997,0.080836699999999997,0.080845399999999998,0.080854099999999998,0.080862799999999999,0.080868700000000002,0.080877400000000002,0.080886100000000002,0.080894800000000003,0.080903500000000003,0.080912200000000004,0.080921000000000007,0.080926799999999993,0.080938399999999994,0.080944199999999994,0.080955899999999997,0.080961699999999998,0.080970399999999998,0.080976199999999998,0.080984899999999999,0.080993599999999999,0.081002299999999999,0.081011100000000003,0.081019800000000003,0.081028500000000003,0.081037200000000004,0.081045900000000004,0.081054699999999993,0.081063399999999994,0.081072099999999994,0.081077899999999994,0.081086599999999995,0.081095299999999995,0.081104099999999998,0.081112799999999999,0.081124399999999999,0.0811302,0.0811389,0.081147700000000003,0.081156400000000004,0.081162200000000004,0.081170900000000004,0.081176799999999993,0.081185499999999994,0.081194199999999994,0.081202899999999995,0.081211599999999995,0.081220299999999995,0.081228999999999996,0.081237799999999999,0.081246499999999999,0.0812523,0.081261,0.081269800000000003,0.081278500000000004,0.081287200000000004,0.081295900000000004,0.081304600000000005,0.081313300000000005,0.081322000000000005,0.081330799999999995,0.081339499999999995,0.081348199999999996,0.081356899999999996,0.081365699999999999,0.0813744,0.0813802,0.0813918,0.081397600000000001,0.081406300000000001,0.081415000000000001,0.081423800000000005,0.081429600000000005,0.081438300000000005,0.081447000000000006,0.081455799999999995,0.081461599999999995,0.081473199999999996,0.081478999999999996,0.081487699999999996,0.081496399999999997,0.0815052,0.0815139,0.0815197,0.081528400000000001,0.081537100000000001,0.081543000000000004,0.081551700000000005,0.081560400000000005,0.081569100000000005,0.081574900000000006,0.081583600000000006,0.081592300000000006,0.081601000000000007,0.081606899999999996,0.081618499999999997,0.081624299999999997,0.081632999999999997,0.0816418,0.081647600000000001,0.081656300000000001,0.081665000000000001,0.081673700000000002,0.081682500000000005,0.081691200000000005,0.081699900000000006,0.081708600000000006,0.081717300000000007,0.081723100000000007,0.081731799999999993,0.081740599999999997,0.081749299999999997,0.081760899999999997,0.081769599999999998,0.081778299999999998,0.081784200000000001,0.081792900000000002,0.081801600000000002,0.081810300000000002,0.081819100000000006,0.081827800000000006,0.081833600000000006,0.081842300000000007,0.081850999999999993,0.081859799999999996,0.081868499999999997,0.081874299999999997,0.081882999999999997,0.081891699999999998,0.081900399999999998,0.081909099999999999,0.081917799999999999,0.081926600000000002,0.081935300000000003,0.081944000000000003,0.081949900000000006,0.081958600000000006,0.081967300000000007,0.081975999999999993,0.081984699999999994,0.081993399999999994,0.082002199999999997,0.082010899999999998,0.082019599999999998,0.082028299999999998,0.082036999999999999,0.082042900000000002,0.082054500000000002,0.082060300000000003,0.082069000000000003,0.082077800000000006,0.082086500000000007,0.082095199999999993,0.082100999999999993,0.082112599999999994,0.082121299999999994,0.082127099999999995,0.082135799999999995,0.082144599999999998,0.082153299999999999,0.082161999999999999,0.082170699999999999,0.082179500000000003,0.082188200000000003,0.082194000000000003,0.082202700000000004,0.082211400000000004,0.082220199999999993,0.082228899999999994,0.082234699999999994,0.082246299999999994,0.082252099999999995,0.082260799999999995,0.082269499999999995,0.082275399999999999,0.082284099999999999,0.082292799999999999,0.0823015,0.0823102,0.082316100000000003,0.082324800000000004,0.082333500000000004,0.082342200000000004,0.082350900000000005,0.082359600000000005,0.082368399999999994,0.082377099999999995,0.082385799999999995,0.082394599999999998,0.082403299999999999,0.082411999999999999,0.0824207,0.0824294,0.0824352,0.082443900000000001,0.082452600000000001,0.082461400000000004,0.082470100000000005,0.082478800000000005,0.082487500000000005,0.082496299999999995,0.082504999999999995,0.082513699999999995,0.082522399999999996,0.082528199999999996,0.082536999999999999,0.0825457,0.0825544,0.0825631,0.082571800000000001,0.082580500000000001,0.082589300000000004,0.082595100000000005,0.082603800000000005,0.082612500000000005,0.082621200000000006,0.082629999999999995,0.082638699999999995,0.082647399999999996,0.082656099999999996,0.082661899999999996,0.082670599999999997,0.0826823,0.0826881,0.082696800000000001,0.082705500000000001,0.082714200000000002,0.082720100000000005,0.082728800000000005,0.082737500000000005,0.082746200000000006,0.082754900000000006,0.082763600000000007,0.082772399999999996,0.082781099999999996,0.082789799999999997,0.082795599999999997,0.082804299999999997,0.082812999999999998,0.082821800000000001,0.082830500000000001,0.082839200000000002,0.082847900000000002,0.082856700000000005,0.082862500000000006,0.082871200000000006,0.082879900000000006,0.082885700000000007,0.082894399999999993,0.082903099999999993,0.082911899999999997,0.082920599999999997,0.082926399999999997,0.082935099999999998,0.082943900000000001,0.082952600000000001,0.082961300000000002,0.082967100000000002,0.082975800000000002,0.082984500000000003,0.082993300000000006,0.083002000000000006,0.083007800000000007,0.083016499999999993,0.083025199999999993,0.083033999999999997,0.083039799999999997,0.083048499999999997,0.083057199999999998,0.083065899999999998,0.083071800000000001,0.083083400000000002,0.083089200000000002,0.083095000000000002,0.083103700000000003,0.083112400000000003,0.083118200000000003,0.083126900000000004,0.083135600000000004,0.083144399999999993,0.083153099999999994,0.083161799999999994,0.083170499999999994,0.083179299999999998,0.083187999999999998,0.083196699999999998,0.083205399999999999,0.083214099999999999,0.083220000000000002,0.083228700000000003,0.083237400000000003,0.083246100000000003,0.083254800000000004,0.083263500000000004,0.083269399999999993,0.083280999999999994,0.083286799999999994,0.083295499999999995,0.083304299999999998,0.083312999999999998,0.083318799999999998,0.083327499999999999,0.083336199999999999,0.083345000000000002,0.083353700000000003,0.083362400000000003,0.083371100000000004,0.083379800000000004,0.083385600000000004,0.083397299999999994,0.083405999999999994,0.083414699999999994,0.083423399999999995,0.083432099999999995,0.083440799999999996,0.083449599999999999,0.083455399999999999,0.083467,0.0834728,0.0834815,0.083490200000000001,0.083499000000000004,0.083504800000000004,0.083513500000000004,0.083522200000000005,0.083530900000000005,0.083536799999999994,0.083548399999999995,0.083554199999999995,0.083562899999999996,0.083571599999999996,0.083577499999999999,0.0835891,0.0835949,0.0836036,0.083612300000000001,0.083621100000000004,0.083629800000000004,0.083638500000000005,0.083647200000000005,0.083655900000000005,0.083664600000000006,0.083670499999999995,0.083679199999999995,0.083687899999999996,0.083696599999999996,0.083708199999999996,0.083717,0.0837228,0.0837344,0.083740200000000001,0.083748900000000001,0.083757600000000001,0.083766400000000005,0.083775100000000005,0.083783800000000005,0.083792599999999995,0.083801299999999995,0.083809999999999996,0.083815799999999996,0.083827399999999996,0.083833199999999997,0.083841899999999997,0.083850599999999997,0.083859400000000001,0.083868100000000001,0.083876800000000001,0.083882600000000002,0.083891300000000002,0.083900000000000002,0.083908800000000006,0.083917500000000006,0.083926200000000006,0.083932099999999996,0.083943699999999996,0.083949499999999996,0.083958199999999997,0.083966899999999997,0.0839757,0.083984400000000001,0.083990200000000001,0.083998900000000001,0.084007600000000002,0.084016300000000002,0.084025000000000002,0.084033700000000003,0.084042500000000006,0.084051200000000006,0.084059900000000007,0.084068599999999993,0.084077399999999997,0.084083199999999997,0.084091899999999997,0.084100599999999998,0.084109400000000001,0.084118100000000001,0.084123900000000001,0.084132600000000002,0.084141300000000002,0.084150000000000003,0.084158700000000003,0.084164600000000006,0.084176200000000007,0.084182000000000007,0.084190699999999993,0.084199399999999994,0.084208099999999994,0.084213999999999997,0.084222699999999998,0.084231399999999998,0.084240099999999998,0.084248900000000002,0.084257600000000002,0.084266300000000002,0.084275000000000003,0.084283700000000003,0.084292400000000003,0.084298300000000007,0.084307000000000007,0.084318599999999994,0.084324399999999994,0.084333099999999994,0.084341899999999997,0.084350599999999998,0.084362199999999998,0.084370899999999999,0.084379599999999999,0.084388400000000002,0.084397100000000003,0.084405800000000003,0.084411600000000003,0.084420300000000004,0.084429000000000004,0.084437799999999993,0.084446499999999994,0.084455199999999994,0.084460999999999994,0.084472599999999995,0.084478499999999998,0.084487199999999998,0.084495899999999999,0.084504599999999999,0.0845133,0.084522,0.084530800000000003,0.084536600000000003,0.084548200000000004,0.084554000000000004,0.084562700000000005,0.084571400000000005,0.084580199999999994,0.084588899999999995,0.084597599999999995,0.084606299999999995,0.084612099999999996,0.084623799999999999,0.084632499999999999,0.0846412,0.084647,0.0846557,0.084664400000000001,0.084673200000000004,0.084681900000000004,0.084687700000000005,0.084696400000000005,0.084705100000000005,0.084713899999999995,0.084722599999999995,0.084731299999999996,0.084739999999999996,0.084748799999999999,0.084754599999999999,0.0847633,0.084772,0.084780700000000001,0.084789400000000001,0.084798100000000001,0.084804000000000004,0.084812700000000005,0.084821400000000005,0.084827200000000005,0.084838899999999995,0.084844699999999995,0.084853399999999995,0.084862099999999996,0.084870799999999996,0.084879499999999997,0.0848854,0.0848941,0.0849028,0.084911500000000001,0.084920200000000001,0.084928900000000002,0.084937600000000002,0.084949300000000005,0.084955100000000006,0.084963800000000006,0.084969699999999995,0.084978399999999996,0.084984199999999996,0.084995799999999996,0.085001599999999997,0.085010299999999997,0.0850191,0.085027800000000001,0.085036500000000001,0.085045200000000001,0.085053900000000002,0.085062600000000002,0.085071300000000002,0.085080100000000006,0.085088800000000006,0.085097500000000006,0.085106200000000007,0.085114999999999996,0.085123699999999997,0.085129499999999997,0.085138199999999997,0.085146899999999998,0.085155599999999998,0.085164400000000001,0.085170200000000001,0.085178900000000002,0.085187600000000002,0.085193400000000002,0.085205100000000006,0.085210900000000006,0.085219600000000006,0.085231199999999993,0.085236999999999993,0.085245699999999994,0.085254399999999994,0.085263199999999997,0.085271899999999998,0.085280599999999998,0.085289299999999998,0.085298100000000002,0.085303900000000002,0.085315500000000002,0.085321300000000003,0.085330000000000003,0.085338700000000003,0.085344600000000007,0.085353299999999993,0.085361999999999993,0.085370699999999994,0.085379399999999994,0.085385299999999997,0.085393999999999998,0.085402699999999998,0.085411399999999998,0.085420099999999999,0.085426000000000002,0.085434700000000002,0.085443400000000003,0.085452100000000003,0.085460800000000003,0.085469500000000004,0.085478200000000004,0.085486999999999994,0.085492799999999994,0.085501499999999994,0.085510199999999995,0.085518999999999998,0.085527699999999998,0.085533499999999998,0.085542199999999999,0.085550899999999999,0.085559700000000002,0.085568400000000003,0.085577100000000003,0.085585800000000004,0.085594500000000004,0.085600300000000004,0.085609000000000005,0.085617799999999994,0.085626499999999994,0.085635199999999995,0.085640999999999995,0.085652699999999998,0.085658499999999999,0.085667199999999999,0.085675899999999999,0.0856846,0.0856933,0.085702,0.085710700000000001,0.085719500000000004,0.085728200000000004,0.085734000000000005,0.085742700000000005,0.085751499999999994,0.085760199999999995,0.085768899999999995,0.085774699999999995,0.085783399999999996,0.085792099999999996,0.085800899999999999,0.0858096,0.0858154,0.085827000000000001,0.085832800000000001,0.085841600000000004,0.085850300000000004,0.085859000000000005,0.085867700000000005,0.085876400000000006,0.085885199999999995,0.085890999999999995,0.085899699999999996,0.085908399999999996,0.085917099999999996,0.085922999999999999,0.0859346,0.0859433,0.0859491,0.085957800000000001,0.085966500000000001,0.085975300000000004,0.085984000000000005,0.085989800000000005,0.085998500000000005,0.086007200000000006,0.086018800000000006,0.086024699999999996,0.086033399999999996,0.086042099999999996,0.0860509,0.0860596,0.0860683,0.086074100000000001,0.086082800000000001,0.086091500000000001,0.086100200000000002,0.086109000000000005,0.086117700000000005,0.086123500000000006,0.086135100000000006,0.086140900000000006,0.086149600000000007,0.086155499999999996,0.086164199999999996,0.086172899999999997,0.086181599999999997,0.086190299999999997,0.086198999999999998,0.086207699999999998,0.086216500000000001,0.086222300000000002,0.086233900000000002,0.086239800000000005,0.086248500000000006,0.086257200000000006,0.086265900000000006,0.086274600000000007,0.086283299999999993,0.086291999999999994,0.086300799999999997,0.086309499999999997,0.086318199999999998,0.086327000000000001,0.086335700000000001,0.086344400000000002,0.086353100000000002,0.086361800000000002,0.086367600000000003,0.086376300000000003,0.086385000000000003,0.086396700000000007,0.086402499999999993,0.086408299999999993,0.086416999999999994,0.086425699999999994,0.086434499999999997,0.086443199999999998,0.086451899999999998,0.086460599999999999,0.086469400000000002,0.086478100000000002,0.086483900000000002,0.086492600000000003,0.086501300000000003,0.086510100000000006,0.086518800000000007,0.086524599999999993,0.086536199999999994,0.086544899999999994,0.086553699999999997,0.086559499999999998,0.086568199999999998,0.086576899999999998,0.086585599999999999,0.086594299999999999,0.086602999999999999,0.0866117,0.086617600000000003,0.086626300000000003,0.086635000000000004,0.086643800000000007,0.086652499999999993,0.086661199999999994,0.086669899999999994,0.086678599999999995,0.086687299999999995,0.086695999999999995,0.086704799999999999,0.086713499999999999,0.086722199999999999,0.086728,0.086739700000000003,0.086748400000000003,0.086754200000000004,0.086762900000000004,0.086771600000000004,0.086780300000000005,0.086789099999999994,0.086797799999999994,0.086803599999999995,0.086812299999999995,0.086820999999999995,0.086826899999999999,0.086838499999999999,0.086844299999999999,0.086853,0.0868617,0.086870500000000003,0.086879200000000004,0.086885000000000004,0.086893700000000004,0.086902400000000005,0.086908200000000005,0.086919800000000005,0.086925699999999995,0.086934399999999995,0.086943099999999995,0.086951799999999996,0.086960599999999999,0.086969299999999999,0.086978,0.0869838,0.0869925,0.087001200000000001,0.087010000000000004,0.087018700000000004,0.087027400000000005,0.087036100000000005,0.087044800000000006,0.087050600000000006,0.087062299999999995,0.087070999999999996,0.087076799999999996,0.087085499999999996,0.087094199999999997,0.087103,0.0871117,0.0871175,0.087129100000000001,0.087137800000000001,0.087146500000000002,0.087155300000000005,0.087164000000000005,0.087169800000000006,0.087181400000000006,0.087187299999999995,0.087195999999999996,0.087204699999999996,0.087213399999999996,0.087222099999999997,0.087227899999999997,0.087236599999999997,0.087245299999999998,0.087254100000000001,0.087262800000000001,0.087271500000000002,0.087280200000000002,0.087286100000000005,0.087294800000000006,0.087303500000000006,0.087312200000000006,0.087320999999999996,0.087329699999999996,0.087338399999999997,0.087344199999999997,0.087352899999999997,0.087361599999999998,0.087370400000000001,0.087379100000000001,0.087384900000000001,0.087393600000000002,0.087402300000000002,0.087411000000000003,0.087419700000000003,0.087425600000000006,0.087434300000000006,0.087443000000000007,0.087451699999999993,0.087460499999999997,0.087466299999999997,0.087474999999999997,0.087483699999999998,0.087495299999999998,0.087501099999999998,0.087512800000000002,0.087518600000000002,0.087524400000000002,0.087533100000000003,0.087541800000000003,0.087550600000000006,0.087559300000000007,0.087567999999999993,0.087576699999999993,0.087585399999999994,0.087594099999999994,0.087599999999999997,0.087608699999999998,0.087617399999999998,0.087626099999999998,0.087634799999999999,0.087643499999999999,0.087652300000000002,0.087661000000000003,0.087669700000000003,0.087678400000000004,0.087687200000000007,0.087695899999999993,0.087704599999999994,0.087710399999999994,0.087719099999999994,0.087727799999999995,0.087739399999999995,0.087745299999999998,0.087753999999999999,0.087762699999999999,0.087771399999999999,0.0877801,0.087786000000000003,0.087797600000000003,0.087803400000000004,0.087809200000000004,0.087817900000000004,0.087826600000000005,0.087835399999999994,0.087844099999999994,0.087849899999999995,0.087858599999999995,0.087867299999999995,0.087873199999999999,0.087881899999999999,0.087890599999999999,0.0878993,0.087908,0.0879167,0.087925500000000004,0.087931300000000004,0.087940000000000004,0.087948700000000005,0.087957499999999994,0.087963299999999994,0.087971999999999995,0.087977799999999995,0.087989399999999995,0.087995199999999996,0.088003899999999996,0.088012599999999996,0.0880214,0.0880301,0.0880359,0.088044600000000001,0.088053300000000001,0.088062000000000001,0.088070800000000005,0.088079500000000005,0.088088200000000005,0.088096999999999995,0.088105699999999995,0.088114399999999996,0.088123099999999996,0.088131799999999996,0.088140499999999997,0.0881464,0.088158,0.088163800000000001,0.088169600000000001,0.088178300000000001,0.088187000000000001,0.088195700000000002,0.088204500000000005,0.088210300000000005,0.088219000000000006,0.088227700000000006,0.088236499999999995,0.088245199999999996,0.088253899999999996,0.088262599999999997,0.088271299999999997,0.0882801,0.088288800000000001,0.088297500000000001,0.088306200000000001,0.088314900000000002,0.088320800000000005,0.088332400000000005,0.088338200000000006,0.088346900000000006,0.088355600000000006,0.088361400000000007,0.088373099999999996,0.088378899999999996,0.088387599999999997,0.088396299999999997,0.088404999999999997,0.088413699999999998,0.088422399999999998,0.088431200000000001,0.088439900000000002,0.088448600000000002,0.088454500000000005,0.088463200000000006,0.088471900000000006,0.088480600000000006,0.088489300000000007,0.088495099999999993,0.088503799999999994,0.088512599999999997,0.088521299999999997,0.088529999999999998,0.088538699999999998,0.088547500000000001,0.088556200000000002,0.088562000000000002,0.088570700000000002,0.088579400000000003,0.088588100000000003,0.088596900000000006,0.088605600000000007,0.088614299999999993,0.088622999999999993,0.088631699999999994,0.088640499999999997,0.088649199999999997,0.088657899999999998,0.088663699999999998,0.088675299999999999,0.088681200000000002,0.088689900000000002,0.088698600000000002,0.088707300000000003,0.088713100000000003,0.088721800000000003,0.088730500000000004,0.088739200000000004,0.088747999999999994,0.088753799999999994,0.088762499999999994,0.088771199999999995,0.088779999999999998,0.088788699999999998,0.088797399999999999,0.088803199999999999,0.088811899999999999,0.0888206,0.088829400000000003,0.088838100000000003,0.088843900000000003,0.088855500000000004,0.088861300000000004,0.088872999999999994,0.088878799999999994,0.088887499999999994,0.088896199999999995,0.088904899999999995,0.088913699999999998,0.088922399999999999,0.088928199999999999,0.088939799999999999,0.088945700000000003,0.088954400000000003,0.088963100000000003,0.088971800000000004,0.088980500000000004,0.088989200000000004,0.088995099999999994,0.089003799999999994,0.089012499999999994,0.089021199999999995,0.089029899999999995,0.089035699999999995,0.089047399999999999,0.089056099999999999,0.0890648,0.0890706,0.0890793,0.089088000000000001,0.089096800000000004,0.089105500000000004,0.089111300000000004,0.089122900000000005,0.089128799999999994,0.089140399999999995,0.089146199999999995,0.089154899999999995,0.089163599999999996,0.089169399999999996,0.089178099999999996,0.089186799999999997,0.0891956,0.0892043,0.089213000000000001,0.089221700000000001,0.089227600000000004,0.089236300000000005,0.089245000000000005,0.089250800000000005,0.089259500000000006,0.089268200000000006,0.089276900000000006,0.089285699999999996,0.089294399999999996,0.089303099999999996,0.0893119,0.0893206,0.0893293,0.089338000000000001,0.089343800000000001,0.089352500000000001,0.089361300000000005,0.089370000000000005,0.089378700000000005,0.089387400000000006,0.089396100000000006,0.089401999999999995,0.089413599999999996,0.089419399999999996,0.089428099999999996,0.089436799999999997,0.0894456,0.0894543,0.089463000000000001,0.089471700000000001,0.089480400000000002,0.089489100000000002,0.089497800000000002,0.089506600000000006,0.089515300000000006,0.089524000000000006,0.089532700000000007,0.089541499999999996,0.089550199999999996,0.089555999999999997,0.089564699999999997,0.089573399999999997,0.089582099999999998,0.089588000000000001,0.089596700000000001,0.089605400000000002,0.089614100000000002,0.089622800000000002,0.089631500000000003,0.089640300000000006,0.089649000000000006,0.089657700000000007,0.089666499999999996,0.089672299999999996,0.089680999999999997,0.089689699999999997,0.089698399999999998,0.089707099999999998,0.089715799999999998,0.089721599999999999,0.089730400000000002,0.089739100000000002,0.089747800000000003,0.089756500000000003,0.089765200000000003,0.089774000000000007,0.089779800000000007,0.089788499999999993,0.089797199999999994,0.089805999999999997,0.089814699999999997,0.089820499999999998,0.089832099999999998,0.089837899999999998,0.089849499999999999,0.089855400000000002,0.089864100000000002,0.089872800000000003,0.089878600000000003,0.089887300000000003,0.089896000000000004,0.089904700000000004,0.089913499999999993,0.089922199999999994,0.089930899999999994,0.089939699999999997,0.089948399999999998,0.089957099999999998,0.089965799999999999,0.089971599999999999,0.089983300000000002,0.089989100000000002,0.089997800000000003,0.090006500000000003,0.090015200000000004,0.090021000000000004,0.090029700000000004,0.090038499999999994,0.090047199999999994,0.090052999999999994,0.090061699999999995,0.090070399999999995,0.090079199999999998,0.090087899999999999,0.090096599999999999,0.090105299999999999,0.090114,0.0901227,0.090128600000000003,0.090137300000000004,0.090146000000000004,0.090154700000000004,0.090163400000000005,0.090172100000000005,0.090180800000000005,0.090189599999999995,0.090198299999999995,0.090206999999999996,0.090215799999999999,0.090224499999999999,0.0902332,0.0902419,0.0902506,0.090259300000000001,0.090265200000000004,0.090273900000000004,0.090282600000000005,0.090291300000000005,0.090300000000000005,0.090308700000000006,0.090317499999999995,0.090326199999999995,0.090334899999999996,0.090340699999999996,0.090352399999999999,0.0903611,0.0903669,0.0903756,0.090384300000000001,0.090393000000000001,0.090401800000000004,0.090410500000000005,0.090419200000000005,0.090427900000000005,0.090436600000000006,0.090442499999999995,0.090451199999999995,0.090459899999999996,0.090468599999999996,0.090477299999999997,0.090488899999999997,0.0904948,0.090503500000000001,0.090512200000000001,0.090520900000000001,0.090529700000000005,0.090538400000000005,0.090547100000000005,0.090555800000000006,0.090564500000000006,0.090570300000000006,0.090581999999999996,0.090587799999999996,0.090596499999999996,0.090605199999999997,0.090613899999999997,0.090622599999999998,0.090631299999999998,0.090640100000000001,0.090645900000000001,0.090654600000000002,0.090663300000000002,0.090672100000000005,0.090680800000000006,0.090689500000000006,0.090698200000000007,0.090704000000000007,0.090712699999999993,0.090721399999999994,0.090730199999999997,0.090738899999999997,0.090744699999999998,0.090753399999999998,0.090762099999999998,0.090768000000000001,0.090776700000000002,0.090785400000000002,0.090794200000000005,0.090802900000000006,0.090808700000000006,0.090817400000000006,0.090826100000000007,0.090837699999999993,0.090843499999999994,0.090852199999999994,0.090860999999999997,0.090869699999999998,0.090878399999999998,0.090887099999999998,0.090895900000000002,0.090904600000000002,0.090913300000000002,0.090922000000000003,0.090930700000000003,0.090939400000000004,0.090948100000000004,0.090956899999999993,0.090965599999999994,0.090971399999999994,0.090982999999999994,0.090988899999999998,0.091000499999999998,0.091006299999999998,0.091012099999999999,0.091023800000000002,0.091029600000000002,0.091038300000000003,0.091044100000000003,0.091052800000000003,0.091061500000000004,0.091070200000000004,0.091078999999999993,0.091084799999999994,0.091096399999999994,0.091105099999999994,0.091110999999999998,0.091119699999999998,0.091128399999999998,0.091137099999999999,0.091145799999999999,0.091154499999999999,0.0911632,0.091172000000000003,0.091180700000000003,0.091189400000000004,0.091198100000000004,0.091203900000000004,0.091212600000000005,0.091221399999999994,0.091230099999999995,0.091238799999999995,0.091244599999999995,0.091253299999999996,0.091261999999999996,0.091270799999999999,0.0912795,0.0912882,0.0912969,0.091302800000000003,0.091314400000000004,0.091320200000000004,0.091328900000000005,0.091337600000000005,0.091343499999999994,0.091352199999999995,0.091360899999999995,0.091369599999999995,0.091378299999999996,0.091384199999999999,0.091392899999999999,0.0914016,0.0914103,0.091419,0.091424800000000001,0.091433500000000001,0.091442200000000001,0.091451000000000005,0.091459700000000005,0.091465500000000005,0.091474200000000006,0.091485899999999995,0.091494599999999995,0.091503299999999996,0.091511999999999996,0.091517799999999996,0.091526499999999997,0.091535199999999997,0.0915469,0.091552700000000001,0.091564300000000001,0.091573000000000002,0.091581700000000002,0.091590500000000005,0.091596300000000005,0.091605000000000006,0.091613700000000006,0.091622499999999996,0.091631199999999996,0.091639899999999996,0.091648599999999997,0.091657299999999997,0.0916661,0.091674800000000001,0.091680600000000001,0.091689300000000001,0.091695100000000002,0.091703800000000002,0.091712500000000002,0.091721300000000006,0.091727100000000006,0.091735800000000006,0.091744500000000007,0.091753199999999993,0.091761999999999996,0.091770699999999997,0.091779399999999997,0.0917882,0.091796900000000001,0.091805600000000001,0.091814300000000001,0.091823000000000002,0.091831700000000002,0.091837600000000005,0.091849200000000006,0.091857900000000006,0.091863700000000006,0.091872400000000007,0.091881099999999993,0.091889899999999997,0.091898599999999997,0.091907299999999997,0.091913099999999998,0.091921799999999998,0.091930499999999998,0.091936400000000001,0.091948000000000002,0.091953800000000002,0.091962500000000003,0.091971200000000003,0.091979900000000003,0.091988700000000007,0.091997399999999993,0.092006099999999993,0.092011899999999994,0.092020599999999994,0.092029299999999994,0.092038099999999998,0.092046799999999998,0.092052599999999998,0.092064199999999999,0.092070100000000002,0.092078800000000002,0.092087500000000003,0.092099100000000003,0.092104900000000003,0.092116600000000007,0.092125299999999993,0.092133999999999994,0.092142699999999994,0.092151399999999994,0.092163099999999998,0.092168899999999998,0.092177599999999998,0.092189199999999999,0.092198000000000002,0.092206700000000003,0.092215400000000003,0.092221200000000003,0.092229900000000004,0.092238600000000004,0.092250200000000004,0.092256099999999994,0.092264799999999994,0.092273499999999994,0.092282199999999995,0.092290899999999995,0.092296799999999998,0.092308399999999999,0.092317099999999999,0.0923258,0.092331700000000003,0.092340400000000003,0.092349100000000003,0.092357800000000004,0.092366500000000004,0.092375200000000005,0.092381099999999994,0.092389799999999994,0.092401399999999995,0.092410099999999995,0.092415899999999995,0.092427599999999999,0.092433399999999999,0.092442099999999999,0.0924508,0.0924595,0.0924682,0.092476900000000001,0.092485600000000001,0.092491500000000004,0.092500200000000005,0.092508900000000005,0.092517699999999994,0.092526399999999995,0.092535099999999995,0.092540899999999995,0.092552499999999996,0.092558299999999996,0.09257,0.0925758,0.0925874,0.092593200000000001,0.092601900000000001,0.092607700000000001,0.092616400000000002,0.092625200000000005,0.092633900000000005,0.092642600000000006,0.092648499999999995,0.092657199999999995,0.092665899999999995,0.092674599999999996,0.092680399999999996,0.092689099999999996,0.0926979,0.0927066,0.0927153,0.092724000000000001,0.092732700000000001,0.092741400000000002,0.092750100000000002,0.092758900000000005,0.092767600000000006,0.092773400000000006,0.092785000000000006,0.092790800000000007,0.092799599999999996,0.092808299999999996,0.092816999999999997,0.092825699999999997,0.092834399999999997,0.092843200000000001,0.092849000000000001,0.092857700000000001,0.092866400000000002,0.092875200000000005,0.092883900000000005,0.092892600000000006,0.092901300000000006,0.092910000000000006,0.092915800000000007,0.092924499999999993,0.092933199999999994,0.092941999999999997,0.092950699999999997,0.092956499999999997,0.092965199999999998,0.092971100000000001,0.092982700000000001,0.092988500000000002,0.093000100000000002,0.093005900000000002,0.093014600000000003,0.093023300000000003,0.093035000000000007,0.093040800000000007,0.093049499999999993,0.093058299999999997,0.093066999999999997,0.093072799999999997,0.093081499999999998,0.093090199999999998,0.093098899999999998,0.093107599999999999,0.093116400000000002,0.093122200000000002,0.093133800000000003,0.093142500000000003,0.093148400000000006,0.093157100000000007,0.093165799999999993,0.093174499999999993,0.093183199999999994,0.093191899999999994,0.093200599999999995,0.093209399999999998,0.093215199999999998,0.093223899999999998,0.093232599999999999,0.093238500000000002,0.093250100000000002,0.093255900000000003,0.093264600000000003,0.093273300000000003,0.093282100000000007,0.093290799999999993,0.093296599999999993,0.093305299999999994,0.093313999999999994,0.093322699999999995,0.093331499999999998,0.093340199999999998,0.093348899999999999,0.093357599999999999,0.093366299999999999,0.093375,0.0933837,0.093392500000000003,0.093401200000000004,0.093409900000000004,0.093418699999999993,0.093427399999999994,0.093433199999999994,0.093441899999999994,0.093450599999999995,0.093459299999999995,0.093465199999999998,0.093473899999999999,0.093482599999999999,0.093491299999999999,0.0935,0.0935087,0.093517400000000001,0.093523300000000004,0.093532000000000004,0.093540700000000004,0.093552399999999994,0.093558199999999994,0.093566899999999995,0.093575599999999995,0.093584299999999995,0.093592999999999996,0.093598899999999999,0.093607599999999999,0.0936163,0.093625,0.0936337,0.093639500000000001,0.093648200000000001,0.093656900000000001,0.093665700000000005,0.093674400000000005,0.093683100000000005,0.093691899999999995,0.093697699999999995,0.093706399999999995,0.093715099999999996,0.093723799999999996,0.093732499999999996,0.093741199999999997,0.093749899999999997,0.0937587,0.093767400000000001,0.093773200000000001,0.093784800000000001,0.093790700000000005,0.093799400000000005,0.093808100000000005,0.093816800000000006,0.093825599999999995,0.093834299999999995,0.093842999999999996,0.093848799999999996,0.093857499999999996,0.093866199999999997,0.093871999999999997,0.0938808,0.093889500000000001,0.093898200000000001,0.093906900000000001,0.093912800000000005,0.093924400000000005,0.093930200000000005,0.093938900000000006,0.093947600000000006,0.093956300000000006,0.093965099999999996,0.093973799999999996,0.093982499999999997,0.093991199999999997,0.093999899999999997,0.094005699999999998,0.094017400000000001,0.094023200000000001,0.094031900000000002,0.094040600000000002,0.094046500000000005,0.094058100000000006,0.094066800000000006,0.094075500000000006,0.094084200000000007,0.094092899999999993,0.094101599999999994,0.094110299999999994,0.094116199999999997,0.094127799999999998,0.094133599999999998,0.094142299999999998,0.094151100000000001,0.094159800000000002,0.094168500000000002,0.094177200000000003,0.094186000000000006,0.094194700000000006,0.094203400000000007,0.094212099999999993,0.094220799999999993,0.094229499999999994,0.094238199999999994,0.094244099999999997,0.094252799999999998,0.094261499999999998,0.094270199999999998,0.094278899999999999,0.094287599999999999,0.094296400000000002,0.094302200000000003,0.094310900000000003,0.094316700000000003,0.094325400000000004,0.094334200000000007,0.094342899999999993,0.094348699999999994,0.094360299999999994,0.094366099999999994,0.094377799999999998,0.094383599999999998,0.094392299999999998,0.094400999999999999,0.094409699999999999,0.0944184,0.0944271,0.094435900000000003,0.094441700000000003,0.094453300000000004,0.094459199999999993,0.094470799999999994,0.094476599999999994,0.094485299999999994,0.094493999999999995,0.094499799999999995,0.094508499999999995,0.094517299999999999,0.094525999999999999,0.094534699999999999,0.0945405,0.094549300000000003,0.094558000000000003,0.094566700000000004,0.094575400000000004,0.094584100000000004,0.094592800000000005,0.094598699999999994,0.094607399999999994,0.094616099999999995,0.094624799999999995,0.094633499999999995,0.094642199999999996,0.094648099999999999,0.094656799999999999,0.0946655,0.0946742,0.0946829,0.094691600000000001,0.094700400000000004,0.094706200000000004,0.094714900000000005,0.094723600000000005,0.094732300000000005,0.094738199999999995,0.094746899999999995,0.094755599999999995,0.094764299999999996,0.094773099999999999,0.094781799999999999,0.0947905,0.0947992,0.094807900000000001,0.094813700000000001,0.094825400000000004,0.094831200000000004,0.094839900000000005,0.094848600000000005,0.094857300000000006,0.094866000000000006,0.094874700000000006,0.094883499999999996,0.094892199999999996,0.094900899999999996,0.094909599999999997,0.0949184,0.0949271,0.094935800000000001,0.094941600000000001,0.094950300000000001,0.094959000000000002,0.094970700000000005,0.094979400000000005,0.094988100000000006,0.094993999999999995,0.095002699999999995,0.095011399999999996,0.095020099999999996,0.095028799999999997,0.095034599999999997,0.095043299999999997,0.095051999999999998,0.095060800000000001,0.095069500000000001,0.095078200000000002,0.095086900000000002,0.095095700000000005,0.095101500000000005,0.095110200000000006,0.095118900000000006,0.095127600000000007,0.095133499999999996,0.095142199999999996,0.095150899999999997,0.095159599999999997,0.095168299999999997,0.095176999999999998,0.095185699999999998,0.095191600000000001,0.095200300000000002,0.095209000000000002,0.095217700000000002,0.095226400000000003,0.095235100000000003,0.095243900000000006,0.095249700000000007,0.095258399999999993,0.095267099999999993,0.095275799999999994,0.095284599999999997,0.095290399999999997,0.095299099999999998,0.095307799999999998,0.095316600000000001,0.095325300000000002,0.095334000000000002,0.095342700000000002,0.095348500000000003,0.095357200000000003,0.095365900000000003,0.095374700000000007,0.095380499999999993,0.095389199999999993,0.095397899999999994,0.095406699999999997,0.095418299999999998,0.095424099999999998,0.095435699999999998,0.095441499999999999,0.095450199999999999,0.095458899999999999,0.095467700000000003,0.095473500000000003,0.095485100000000003,0.095490900000000004,0.095499600000000004,0.095508300000000004,0.095517099999999994,0.095525799999999994,0.095534499999999994,0.095540399999999998,0.095549099999999998,0.095557799999999998,0.095566499999999999,0.095572299999999999,0.095580999999999999,0.0955897,0.095598500000000003,0.095607200000000003,0.095615900000000004,0.095624600000000004,0.095633399999999993,0.095642099999999994,0.095650799999999994,0.095656599999999994,0.095668199999999995,0.095673999999999995,0.095682699999999996,0.095691399999999996,0.095700199999999999,0.0957089,0.0957176,0.095726400000000003,0.095732200000000003,0.095743800000000004,0.095749600000000004,0.095758300000000005,0.095764100000000005,0.095775799999999994,0.095784499999999995,0.095790299999999995,0.095798999999999995,0.095807699999999996,0.095816499999999999,0.095825199999999999,0.0958339,0.0958426,0.095854300000000003,0.095860100000000004,0.095871700000000004,0.095877500000000004,0.095886200000000005,0.095894900000000005,0.095903699999999995,0.095912399999999995,0.095921099999999995,0.095929799999999996,0.095938499999999996,0.095947199999999996,0.095955899999999997,0.0959647,0.0959734,0.095982100000000001,0.095990800000000001,0.095999600000000004,0.096008300000000005,0.096017000000000005,0.096025700000000005,0.096034400000000006,0.096040299999999995,0.096051899999999996,0.096057699999999996,0.096066399999999996,0.096075099999999997,0.0960839,0.0960926,0.096101300000000001,0.096110000000000001,0.096115800000000001,0.096124500000000002,0.096133200000000002,0.096142000000000005,0.096150700000000006,0.096156500000000006,0.096165200000000006,0.096173900000000007,0.096182699999999996,0.096191399999999996,0.096200099999999997,0.096208799999999997,0.0962176,0.096223400000000001,0.096235000000000001,0.096243700000000001,0.096249500000000002,0.096258200000000002,0.096266900000000002,0.096275700000000006,0.096284400000000006,0.096290200000000006,0.096298900000000007,0.096307599999999993,0.096316399999999996,0.096325099999999997,0.096336699999999997,0.096342499999999998,0.096351199999999998,0.096359899999999998,0.096365800000000001,0.096374500000000002,0.096383200000000002,0.096392000000000005,0.096400700000000006,0.096406500000000006,0.096415200000000006,0.096423900000000007,0.096432599999999993,0.096441299999999994,0.096449999999999994,0.096458799999999997,0.096464599999999998,0.096473299999999998,0.096481999999999998,0.096490699999999999,0.096499500000000002,0.096505300000000002,0.096514000000000003,0.096522700000000003,0.096531500000000006,0.096540200000000007,0.096548900000000007,0.096557599999999993,0.096563399999999994,0.096574999999999994,0.096583699999999995,0.096592499999999998,0.096598299999999998,0.096606999999999998,0.096615699999999999,0.096624399999999999,0.096633200000000002,0.096641900000000003,0.096650600000000003,0.096656400000000003,0.096668000000000004,0.096673899999999993,0.096682599999999994,0.096688399999999994,0.096699999999999994,0.096708699999999995,0.096714599999999998,0.096723299999999998,0.096731999999999999,0.096740699999999999,0.096749399999999999,0.0967581,0.0967668,0.096775600000000003,0.096784300000000004,0.096790100000000004,0.096798800000000004,0.096807500000000005,0.096816299999999994,0.096824999999999994,0.096830799999999995,0.096839499999999995,0.096848199999999995,0.096856899999999996,0.096862799999999999,0.096871499999999999,0.0968802,0.0968889,0.0968976,0.096906300000000001,0.096912200000000004,0.096920900000000004,0.096929600000000005,0.096935499999999994,0.096947099999999994,0.096952899999999995,0.096961599999999995,0.096970299999999995,0.096978999999999996,0.096987799999999999,0.096993599999999999,0.0970023,0.097011,0.0970197,0.097028400000000001,0.097037100000000001,0.097043000000000004,0.097051700000000005,0.097060400000000005,0.097069199999999994,0.097074999999999995,0.097083699999999995,0.097092399999999995,0.097098199999999996,0.097106899999999996,0.097115599999999996,0.0971244,0.0971331,0.0971418,0.097150500000000001,0.097159200000000001,0.097167900000000001,0.097173800000000005,0.097182500000000005,0.097191200000000005,0.097199900000000006,0.097208600000000006,0.097217300000000006,0.097226099999999996,0.097234799999999996,0.097243499999999997,0.0972523,0.097261,0.0972668,0.097278400000000001,0.097284200000000001,0.097292900000000002,0.097301700000000005,0.097307500000000005,0.097316200000000005,0.097324900000000006,0.097333600000000006,0.097342300000000007,0.097351099999999996,0.097359799999999996,0.097365599999999997,0.097374299999999997,0.097382999999999997,0.097391800000000001,0.097400500000000001,0.097409200000000001,0.097417900000000002,0.097423700000000002,0.097435400000000005,0.097441200000000006,0.097449900000000006,0.097458600000000006,0.097464400000000007,0.097475999999999993,0.097481899999999996,0.097490599999999997,0.097499299999999997,0.097507999999999997,0.097516699999999998,0.097525399999999998,0.097534099999999999,0.097542900000000002,0.097548700000000002,0.097557400000000002,0.097569000000000003,0.097574900000000006,0.097583600000000006,0.097592300000000007,0.097600999999999993,0.097609699999999994,0.097615499999999994,0.097627199999999997,0.097632999999999998,0.097641699999999998,0.097650399999999998,0.097659099999999999,0.097665000000000002,0.097673700000000002,0.097682400000000003,0.097691100000000003,0.097699800000000003,0.097708500000000004,0.097714400000000007,0.097723099999999993,0.097731799999999994,0.097740499999999994,0.097749199999999994,0.097757899999999995,0.097766599999999995,0.097775399999999998,0.097784099999999999,0.097792799999999999,0.097798700000000002,0.097807400000000003,0.097816100000000003,0.097824800000000003,0.097833500000000004,0.097842200000000004,0.097850999999999994,0.097859699999999994,0.097868399999999994,0.097877099999999995,0.097885899999999998,0.097894599999999998,0.097903299999999999,0.097911999999999999,0.097917799999999999,0.0979265,0.0979352,0.0979439,0.097952700000000004,0.097961400000000004,0.097970100000000004,0.097978899999999994,0.097987599999999994,0.097996299999999995,0.098004999999999995,0.098013699999999995,0.098022399999999996,0.098034099999999999,0.098039899999999999,0.0980486,0.0980573,0.098066,0.098074800000000004,0.098083500000000004,0.098092200000000004,0.098100900000000005,0.098109600000000005,0.098115499999999994,0.098124199999999995,0.098132899999999995,0.098141599999999996,0.098150299999999996,0.098156199999999999,0.098164899999999999,0.0981736,0.0981823,0.098191000000000001,0.098199700000000001,0.098208400000000001,0.098214300000000004,0.098225900000000005,0.098231700000000005,0.098240400000000005,0.098249100000000006,0.098254999999999995,0.098263699999999995,0.098272399999999996,0.098281099999999996,0.098289799999999997,0.098298499999999997,0.0983073,0.0983131,0.098324700000000001,0.098330500000000001,0.098342200000000005,0.098348000000000005,0.098359600000000005,0.098365400000000006,0.098374100000000006,0.098382800000000006,0.098388600000000007,0.098397399999999996,0.098406099999999996,0.098414799999999997,0.098423499999999997,0.098432199999999997,0.098441000000000001,0.098446800000000001,0.098458400000000001,0.098467100000000002,0.098475800000000002,0.098481700000000005,0.098493300000000006,0.098499100000000006,0.098507800000000006,0.098516500000000007,0.098525299999999996,0.098533999999999997,0.098542699999999997,0.098551399999999997,0.098557199999999998,0.098568900000000001,0.098574700000000001,0.098580500000000001,0.098589200000000002,0.098597900000000002,0.098606700000000005,0.098612500000000006,0.098621200000000006,0.098629900000000006,0.098638600000000007,0.098647299999999993,0.098655999999999994,0.098661899999999997,0.098670599999999997,0.098679299999999998,0.098687999999999998,0.098693799999999998,0.098702499999999999,0.098708400000000002,0.098717100000000002,0.098725800000000002,0.098734500000000003,0.098743200000000003,0.098749100000000006,0.098757800000000007,0.098766499999999993,0.098775199999999994,0.098783899999999994,0.098789699999999994,0.098798399999999995,0.098807099999999995,0.098815899999999998,0.098824599999999999,0.098833299999999999,0.098841999999999999,0.098850800000000003,0.098856600000000003,0.098865300000000003,0.098874000000000004,0.098882800000000007,0.098891499999999993,0.098900199999999994,0.098905999999999994,0.098917599999999994,0.098923399999999995,0.098932099999999995,0.098940799999999995,0.098949599999999999,0.098958299999999999,0.098966999999999999,0.098975800000000003,0.098984500000000003,0.098993200000000003,0.098999000000000004,0.099007700000000004,0.099016400000000004,0.099025100000000005,0.099030999999999994,0.099039699999999994,0.099048399999999995,0.099057099999999995,0.099062899999999995,0.099071599999999996,0.099080299999999996,0.099086199999999999,0.0990978,0.099103700000000003,0.099112400000000003,0.099121100000000004,0.099129800000000004,0.099138500000000004,0.099147200000000005,0.099155900000000005,0.099164699999999995,0.099173399999999995,0.099182099999999995,0.099187899999999996,0.099196599999999996,0.099205299999999996,0.099213999999999997,0.0992228,0.0992315,0.099237300000000001,0.099249000000000004,0.099254800000000004,0.099266400000000005,0.099272200000000005,0.099280900000000005,0.099289600000000006,0.099298399999999995,0.099307099999999995,0.099312899999999996,0.099321599999999996,0.099330299999999996,0.0993391,0.0993478,0.0993565,0.099365200000000001,0.099373900000000001,0.099382600000000001,0.099388500000000005,0.099397200000000005,0.099405900000000005,0.099411700000000006,0.099423300000000006,0.099432000000000006,0.099440700000000007,0.099449499999999996,0.099458199999999997,0.0994641,0.0994728,0.0994815,0.099490200000000001,0.099498900000000001,0.099507600000000002,0.099516300000000002,0.099522200000000005,0.099530900000000005,0.099539600000000006,0.099545400000000006,0.099554100000000006,0.099562800000000007,0.099571599999999996,0.099580299999999997,0.099588999999999997,0.099597699999999997,0.099606399999999998,0.099615099999999998,0.099623900000000001,0.099632600000000002,0.099638400000000002,0.099647100000000002,0.099655800000000003,0.099664600000000006,0.099673300000000006,0.099682000000000007,0.099690699999999993,0.099699499999999996,0.099705299999999997,0.099713999999999997,0.099722699999999997,0.099731399999999998,0.099740099999999998,0.099748799999999999,0.099754700000000002,0.099763400000000002,0.099772100000000002,0.099780900000000006,0.099789600000000006,0.099798300000000006,0.099807000000000007,0.099815699999999993,0.099824399999999994,0.099833099999999994,0.099841899999999997,0.099850599999999998,0.099859299999999998,0.099867999999999998,0.099876800000000002,0.099882600000000002,0.099891300000000002,0.099897100000000003,0.099908700000000003,0.099914500000000003,0.099923200000000004,0.099931900000000004,0.099940699999999993,0.099949399999999994,0.099958099999999994,0.099966799999999995,0.099972699999999998,0.099981399999999998,0.099990099999999998,0.099998799999999999,0.100008,0.10001599999999999,0.100025,0.100034,0.10004,0.100051,0.10006,0.10006900000000001,0.100074,0.10008300000000001,0.100092,0.100101,0.100109,0.100118,0.10012699999999999,0.100135,0.100144,0.10015,0.100162,0.10016700000000001,0.100176,0.100185,0.10019400000000001,0.100199,0.10020800000000001,0.100217,0.100226,0.100234,0.100243,0.10025199999999999,0.10026,0.100269,0.10027800000000001,0.100287,0.100295,0.100301,0.10031,0.10031900000000001,0.100324,0.10033300000000001,0.100342,0.10034999999999999,0.100359,0.100368,0.10037699999999999,0.100385,0.100394,0.10040300000000001,0.100411,0.10042,0.100429,0.100438,0.10044400000000001,0.100452,0.10045800000000001,0.10047,0.100478,0.100484,0.100493,0.10050199999999999,0.100507,0.10051599999999999,0.100525,0.100534,0.10054200000000001,0.100551,0.10056,0.100568,0.100574,0.10058300000000001,0.100592,0.10059999999999999,0.100609,0.100618,0.10062699999999999,0.100632,0.10064099999999999,0.10065,0.100659,0.100664,0.100673,0.10068199999999999,0.100691,0.100699,0.10070800000000001,0.100717,0.100725,0.100731,0.100743,0.10074900000000001,0.100757,0.10076599999999999,0.100775,0.100784,0.10079200000000001,0.100801,0.10080699999999999,0.100816,0.100824,0.10083300000000001,0.100839,0.10084700000000001,0.100856,0.100865,0.10087400000000001,0.100882,0.10089099999999999,0.1009,0.100909,0.10091700000000001,0.100923,0.10093199999999999,0.100941,0.100949,0.10095800000000001,0.100964,0.100975,0.100984,0.100993,0.10099900000000001,0.101007,0.10101599999999999,0.101025,0.101034,0.10104200000000001,0.101051,0.10105699999999999,0.101065,0.101074,0.10108300000000001,0.101092,0.10109700000000001,0.101106,0.101115,0.10112599999999999,0.101132,0.10114099999999999,0.10115,0.101158,0.10116700000000001,0.101173,0.10118199999999999,0.10119,0.10119599999999999,0.10120800000000001,0.101217,0.101225,0.101234,0.101243,0.10125099999999999,0.10126,0.10126599999999999,0.101275,0.101283,0.10129199999999999,0.101301,0.10131,0.10131800000000001,0.101324,0.10133300000000001,0.101342,0.10134700000000001,0.101359,0.101365,0.10137400000000001,0.101382,0.10138800000000001,0.101397,0.101405,0.101414,0.10142,0.10142900000000001,0.101437,0.10144599999999999,0.101455,0.101464,0.101469,0.101478,0.10148699999999999,0.101496,0.101504,0.10151,0.101522,0.10152799999999999,0.101536,0.101545,0.10155400000000001,0.101562,0.10157099999999999,0.10158,0.101589,0.101594,0.101603,0.10161199999999999,0.101621,0.101629,0.10163800000000001,0.101647,0.101655,0.101664,0.101673,0.10168199999999999,0.10169,0.101699,0.10170800000000001,0.101714,0.101725,0.101731,0.10174,0.10174800000000001,0.101754,0.101766,0.101772,0.101783,0.101789,0.101798,0.10180699999999999,0.101812,0.101824,0.10183,0.101839,0.10184699999999999,0.101856,0.101865,0.10187300000000001,0.101882,0.101891,0.1019,0.101905,0.10191699999999999,0.101923,0.101935,0.10194,0.101949,0.10195799999999999,0.101966,0.101975,0.101981,0.101993,0.10200099999999999,0.102007,0.102016,0.102025,0.102033,0.102039,0.102048,0.10205699999999999,0.102065,0.102074,0.10208,0.102089,0.10209699999999999,0.102106,0.102115,0.102121,0.102129,0.10213800000000001,0.102147,0.102155,0.102164,0.102173,0.102182,0.10219,0.102196,0.10220799999999999,0.102214,0.10222199999999999,0.102231,0.10224,0.10224800000000001,0.102254,0.102266,0.102272,0.102283,0.102289,0.102301,0.102307,0.10231800000000001,0.102324,0.10233299999999999,0.102341,0.10234699999999999,0.102356,0.102365,0.10237300000000001,0.102382,0.102391,0.1024,0.102408,0.10241699999999999,0.102423,0.10243099999999999,0.10244,0.102449,0.10245799999999999,0.102466,0.102475,0.102481,0.10249,0.10249800000000001,0.102507,0.102516,0.102524,0.102533,0.10254199999999999,0.102551,0.102559,0.10256800000000001,0.102577,0.102586,0.102591,0.102603,0.10260900000000001,0.102617,0.102626,0.102632,0.102641,0.10265000000000001,0.102658,0.10266699999999999,0.102676,0.102684,0.10269,0.102699,0.10270799999999999,0.102716,0.102725,0.10273400000000001,0.102742,0.102751,0.10276,0.102766,0.102772,0.10278,0.10278900000000001,0.102798,0.10280400000000001,0.102812,0.102821,0.10283,0.102835,0.102844,0.102853,0.102862,0.10287,0.102876,0.102885,0.102894,0.10290199999999999,0.102911,0.10292,0.10292900000000001,0.102934,0.10294300000000001,0.102952,0.10296,0.102969,0.102978,0.102987,0.102995,0.103004,0.10301,0.103022,0.10303,0.10303900000000001,0.103045,0.10305300000000001,0.103062,0.103074,0.10308299999999999,0.103091,0.10309699999999999,0.103106,0.103114,0.10312300000000001,0.103132,0.103141,0.103149,0.103155,0.10316400000000001,0.103173,0.10318099999999999,0.10319,0.103199,0.10320699999999999,0.103213,0.10322199999999999,0.103231,0.10324,0.10324800000000001,0.103254,0.10326299999999999,0.103271,0.10328,0.10328900000000001,0.103298,0.103306,0.103315,0.103324,0.10333299999999999,0.103341,0.10334699999999999,0.103356,0.103364,0.10337300000000001,0.103382,0.103391,0.103399,0.103405,0.10341400000000001,0.103423,0.10342800000000001,0.10344,0.103446,0.10345500000000001,0.103463,0.10347199999999999,0.103481,0.103489,0.10349800000000001,0.103507,0.103516,0.103524,0.103533,0.10353900000000001,0.103548,0.103556,0.103565,0.103574,0.10358199999999999,0.103591,0.1036,0.10360900000000001,0.103617,0.10362300000000001,0.103632,0.103641,0.10364900000000001,0.103655,0.103667,0.103673,0.103684,0.10369,0.103699,0.10370699999999999,0.103716,0.103725,0.10373400000000001,0.103742,0.10374800000000001,0.103757,0.103766,0.10377400000000001,0.103783,0.103792,0.1038,0.103806,0.103815,0.103824,0.10383199999999999,0.103841,0.10384699999999999,0.103856,0.103864,0.10387299999999999,0.103882,0.103891,0.10389900000000001,0.103908,0.103917,0.103925,0.103934,0.10394299999999999,0.103952,0.10395699999999999,0.103966,0.103978,0.10398399999999999,0.103992,0.104001,0.10401000000000001,0.104016,0.10402400000000001,0.10403,0.10403900000000001,0.104045,0.10405300000000001,0.104062,0.104071,0.104077,0.104085,0.10409400000000001,0.104103,0.10410899999999999,0.104117,0.104126,0.10413500000000001,0.104143,0.10414900000000001,0.104158,0.104167,0.104175,0.104181,0.10419,0.104199,0.10420699999999999,0.104216,0.104222,0.104231,0.104239,0.10424799999999999,0.104257,0.104265,0.10427400000000001,0.104283,0.10428900000000001,0.1043,0.104306,0.104315,0.104324,0.10432900000000001,0.104338,0.104347,0.104353,0.104364,0.10437,0.104379,0.10438799999999999,0.104396,0.104405,0.10441400000000001,0.104422,0.104431,0.10444000000000001,0.104449,0.10445699999999999,0.104466,0.104475,0.104481,0.104489,0.10449799999999999,0.104507,0.104515,0.10452400000000001,0.104533,0.10453900000000001,0.10455,0.104556,0.10456500000000001,0.104574,0.10458199999999999,0.104588,0.1046,0.104606,0.104614,0.10462299999999999,0.104632,0.10463799999999999,0.104646,0.104655,0.104661,0.104669,0.10467799999999999,0.104687,0.104696,0.104701,0.104713,0.10471900000000001,0.104728,0.104736,0.104745,0.104754,0.10476199999999999,0.104771,0.10478,0.10478899999999999,0.104797,0.10480299999999999,0.104812,0.104823,0.10482900000000001,0.104838,0.104847,0.104855,0.104864,0.10487,0.104882,0.10488699999999999,0.10489900000000001,0.104905,0.10491399999999999,0.104922,0.104931,0.104937,0.104946,0.10495400000000001,0.104963,0.104972,0.104978,0.104986,0.104995,0.105004,0.10501199999999999,0.105021,0.10503,0.10503899999999999,0.105047,0.105056,0.105062,0.105073,0.10507900000000001,0.105088,0.105097,0.105105,0.105114,0.10512000000000001,0.105129,0.10513699999999999,0.105146,0.105152,0.105161,0.105172,0.10517799999999999,0.105187,0.105195,0.10520400000000001,0.105213,0.105222,0.10523,0.105239,0.10524799999999999,0.105257,0.105265,0.105271,0.10528,0.10528899999999999,0.105294,0.10530299999999999,0.105312,0.10531799999999999,0.10532900000000001,0.105335,0.10534399999999999,0.105352,0.105361,0.105367,0.105376,0.10538400000000001,0.105393,0.105402,0.105408,0.105416,0.105425,0.105434,0.105443,0.105451,0.105457,0.105466,0.105475,0.10548299999999999,0.105489,0.10549799999999999,0.105506,0.105515,0.10552400000000001,0.10553,0.10553800000000001,0.105547,0.105556,0.10556500000000001,0.105573,0.105582,0.105591,0.1056,0.105605,0.105614,0.10562299999999999,0.105632,0.10564,0.10564900000000001,0.105655,0.10566300000000001,0.105672,0.105681,0.10569000000000001,0.105695,0.10570400000000001,0.105713,0.105722,0.10573,0.105739,0.10574799999999999,0.105756,0.10576199999999999,0.10577400000000001,0.10578,0.10578799999999999,0.105797,0.105806,0.10581500000000001,0.10582,0.10582900000000001,0.105838,0.105847,0.105855,0.105864,0.105876,0.105881,0.10589,0.10589899999999999,0.105908,0.105916,0.10592500000000001,0.105931,0.10594000000000001,0.105948,0.105957,0.105966,0.105974,0.10598,0.105989,0.105998,0.106006,0.106015,0.10602399999999999,0.10603,0.10603799999999999,0.106047,0.106056,0.106062,0.10607,0.10607900000000001,0.106088,0.10609399999999999,0.106102,0.106111,0.10612000000000001,0.106128,0.106137,0.106146,0.106155,0.10616,0.106172,0.106181,0.10618900000000001,0.106198,0.106207,0.106216,0.106224,0.10623,0.106242,0.106248,0.106256,0.106265,0.10627399999999999,0.106283,0.106291,0.10630000000000001,0.106306,0.10631400000000001,0.106323,0.106332,0.106341,0.106349,0.10635799999999999,0.106367,0.106376,0.10638400000000001,0.106393,0.10639899999999999,0.106407,0.106416,0.10642500000000001,0.106434,0.10644199999999999,0.106451,0.10646,0.10646899999999999,0.106477,0.106486,0.106492,0.106501,0.10650900000000001,0.106518,0.106527,0.106535,0.106544,0.10655299999999999,0.106562,0.106567,0.106576,0.106585,0.106596,0.106602,0.106611,0.10662000000000001,0.106628,0.106637,0.106646,0.106655,0.10666299999999999,0.106672,0.106678,0.106687,0.106695,0.106701,0.106707,0.10671899999999999,0.106724,0.10673299999999999,0.106742,0.10675,0.10675900000000001,0.106765,0.10677399999999999,0.106782,0.10678799999999999,0.106797,0.106806,0.106812,0.106823,0.10682899999999999,0.106838,0.106846,0.10685500000000001,0.106864,0.10687000000000001,0.106878,0.106887,0.106896,0.106905,0.10691000000000001,0.106922,0.106928,0.106936,0.106945,0.10695399999999999,0.106963,0.106971,0.10698000000000001,0.106989,0.10699500000000001,0.107003,0.107012,0.10702100000000001,0.107029,0.10703799999999999,0.107047,0.107056,0.10706400000000001,0.10707,0.10707899999999999,0.107088,0.107096,0.107102,0.107114,0.10712000000000001,0.107128,0.107137,0.10714600000000001,0.107154,0.10716299999999999,0.107172,0.107178,0.107186,0.107195,0.10720399999999999,0.107213,0.107221,0.10723000000000001,0.107239,0.107247,0.107253,0.107262,0.10727100000000001,0.107279,0.10728799999999999,0.107297,0.107306,0.107311,0.10732,0.10732899999999999,0.107338,0.107346,0.10735500000000001,0.107364,0.107372,0.107378,0.107387,0.10739899999999999,0.107404,0.10741299999999999,0.107422,0.107431,0.10743900000000001,0.107448,0.107457,0.107463,0.107474,0.10748000000000001,0.107492,0.107497,0.107506,0.107515,0.10752100000000001,0.107532,0.10753799999999999,0.107547,0.107556,0.107561,0.10757,0.10757899999999999,0.107587,0.107596,0.10760500000000001,0.107614,0.10761900000000001,0.107628,0.107637,0.10764899999999999,0.107654,0.10766299999999999,0.107672,0.107678,0.107686,0.107695,0.107707,0.107713,0.107721,0.10773000000000001,0.107739,0.107747,0.107756,0.107762,0.10777100000000001,0.107779,0.10778500000000001,0.107794,0.107805,0.107811,0.10782,0.10782899999999999,0.107837,0.107846,0.10785500000000001,0.107864,0.10786900000000001,0.107878,0.107887,0.107893,0.107904,0.10791000000000001,0.107919,0.107928,0.107936,0.107945,0.10795399999999999,0.107962,0.107971,0.10798000000000001,0.107989,0.107997,0.108003,0.108012,0.10802100000000001,0.108029,0.108038,0.108047,0.108055,0.10806399999999999,0.108073,0.108082,0.10809000000000001,0.108099,0.108108,0.108117,0.108125,0.10813399999999999,0.108143,0.108151,0.10816000000000001,0.108169,0.108178,0.108186,0.108195,0.10820399999999999,0.108209,0.10821799999999999,0.108224,0.108233,0.108241,0.10825,0.10825899999999999,0.108268,0.108276,0.10828500000000001,0.108294,0.108302,0.108311,0.10832,0.10832899999999999,0.108337,0.108346,0.10835500000000001,0.108364,0.108372,0.108378,0.108387,0.10839500000000001,0.108404,0.108413,0.108422,0.108427,0.108436,0.108445,0.108457,0.108462,0.108471,0.10847999999999999,0.108489,0.108497,0.10850600000000001,0.108515,0.10852000000000001,0.108529,0.108538,0.108547,0.108555,0.108561,0.10857,0.10857899999999999,0.108587,0.108596,0.10860499999999999,0.108613,0.10861899999999999,0.10863100000000001,0.108637,0.10864500000000001,0.108654,0.10866000000000001,0.108672,0.108677,0.108686,0.108695,0.108704,0.108712,0.108721,0.10872999999999999,0.108736,0.108747,0.10875600000000001,0.108762,0.10877000000000001,0.108779,0.108788,0.108797,0.108805,0.10881399999999999,0.108823,0.108829,0.108837,0.108846,0.10885499999999999,0.108863,0.108872,0.10888100000000001,0.108887,0.10889500000000001,0.108904,0.108913,0.108922,0.10893,0.10893899999999999,0.108948,0.108956,0.108962,0.108971,0.10897999999999999,0.108988,0.108997,0.10900600000000001,0.109015,0.10902000000000001,0.109032,0.109038,0.10904899999999999,0.109055,0.10906399999999999,0.109073,0.109079,0.109087,0.109096,0.10910499999999999,0.109113,0.10911899999999999,0.109128,0.109137,0.10914500000000001,0.109154,0.10915999999999999,0.109169,0.109177,0.10918600000000001,0.109192,0.10920100000000001,0.109212,0.109218,0.109227,0.109235,0.109241,0.109253,0.109259,0.109267,0.109276,0.10928499999999999,0.109294,0.10929899999999999,0.10931100000000001,0.109317,0.10932600000000001,0.109334,0.10934000000000001,0.109349,0.109358,0.109366,0.109375,0.10938100000000001,0.109392,0.109398,0.109407,0.109416,0.10942399999999999,0.109433,0.10943899999999999,0.10945100000000001,0.109456,0.10946500000000001,0.109474,0.109483,0.109491,0.1095,0.109509,0.109515,0.109526,0.109532,0.109541,0.10954899999999999,0.109555,0.10956399999999999,0.109573,0.109581,0.10959000000000001,0.109596,0.10960499999999999,0.109613,0.109622,0.10963100000000001,0.109637,0.109648,0.109654,0.109663,0.109671,0.10968,0.10968899999999999,0.109695,0.10970299999999999,0.109712,0.109721,0.10972999999999999,0.109738,0.109747,0.10975600000000001,0.109764,0.109773,0.109782,0.109791,0.10979899999999999,0.109805,0.109817,0.109823,0.109831,0.10983999999999999,0.109849,0.109857,0.109863,0.109872,0.10988100000000001,0.109889,0.109898,0.109907,0.109916,0.10992399999999999,0.109933,0.109939,0.10995000000000001,0.109956,0.10996499999999999,0.109974,0.109982,0.10999100000000001,0.109997,0.11000600000000001,0.110014,0.110023,0.110032,0.110041,0.11004899999999999,0.110058,0.110067,0.11007500000000001,0.110084,0.110093,0.11010200000000001,0.110113,0.11011899999999999,0.110128,0.110136,0.110142,0.110151,0.11015999999999999,0.110168,0.11018,0.110189,0.110197,0.110206,0.110212,0.110221,0.11022899999999999,0.110238,0.110247,0.11025600000000001,0.110261,0.11027000000000001,0.110279,0.110288,0.11029600000000001,0.110305,0.110314,0.110322,0.110331,0.110337,0.110346,0.11035399999999999,0.110363,0.110372,0.11038100000000001,0.110386,0.110398,0.110404,0.110413,0.11042100000000001,0.11043,0.110439,0.110447,0.110453,0.110462,0.110471,0.11047899999999999,0.110488,0.110497,0.11050599999999999,0.110514,0.110523,0.11053200000000001,0.110538,0.11054600000000001,0.110555,0.110564,0.11057,0.110578,0.110587,0.110596,0.11060399999999999,0.110613,0.110619,0.110628,0.110636,0.11064499999999999,0.110654,0.110663,0.11067100000000001,0.11068,0.110689,0.110694,0.110703,0.110712,0.110718,0.110726,0.110735,0.110744,0.110753,0.110758,0.110767,0.110776,0.11078499999999999,0.110793,0.11079899999999999,0.110808,0.110817,0.11082500000000001,0.110834,0.110843,0.11085100000000001,0.11086,0.110869,0.110875,0.110886,0.11089499999999999,0.110904,0.110913,0.11092100000000001,0.11093,0.110939,0.110947,0.110956,0.11096499999999999,0.110974,0.11097899999999999,0.110988,0.110997,0.11100500000000001,0.111014,0.11101999999999999,0.111029,0.111037,0.11104600000000001,0.111055,0.111064,0.111072,0.111081,0.11108999999999999,0.111096,0.111107,0.111113,0.111122,0.11113000000000001,0.111139,0.111148,0.111154,0.111162,0.11117100000000001,0.11118,0.11118599999999999,0.111194,0.111203,0.11121200000000001,0.111221,0.11122899999999999,0.111238,0.111247,0.11125500000000001,0.111264,0.111273,0.111279,0.111287,0.11129600000000001,0.111305,0.111314,0.111322,0.111328,0.11133700000000001,0.111346,0.11135100000000001,0.11136,0.111369,0.111378,0.111386,0.11139499999999999,0.111404,0.111412,0.111418,0.111427,0.111433,0.111441,0.11144999999999999,0.111459,0.111468,0.11147600000000001,0.111485,0.111494,0.111502,0.111511,0.11151700000000001,0.111526,0.11153399999999999,0.111543,0.111552,0.11156099999999999,0.111566,0.11157499999999999,0.111584,0.111595,0.11160100000000001,0.11161,0.111619,0.111627,0.111636,0.11164200000000001,0.111654,0.11165899999999999,0.111668,0.111677,0.11168599999999999,0.111694,0.111703,0.11171200000000001,0.111718,0.11172600000000001,0.111735,0.111744,0.111752,0.111761,0.11176999999999999,0.111779,0.111787,0.111793,0.111802,0.11181099999999999,0.111819,0.111828,0.11183700000000001,0.111843,0.111854,0.11186,0.111869,0.111877,0.111886,0.11189499999999999,0.111904,0.111912,0.111918,0.111927,0.11193599999999999,0.111944,0.11194999999999999,0.11196200000000001,0.111968,0.111979,0.111985,0.111994,0.112002,0.112011,0.11201700000000001,0.112026,0.11203399999999999,0.112043,0.112052,0.112058,0.112066,0.11207499999999999,0.112084,0.11209,0.112098,0.112107,0.11211599999999999,0.112124,0.11212999999999999,0.11214200000000001,0.112148,0.11215899999999999,0.112165,0.112174,0.112183,0.112191,0.11219999999999999,0.112206,0.112215,0.112223,0.112229,0.11224099999999999,0.112247,0.11225499999999999,0.112264,0.112273,0.11228100000000001,0.11229,0.112299,0.112305,0.112313,0.11232200000000001,0.112331,0.11234,0.112348,0.112357,0.11236599999999999,0.112374,0.112383,0.11239200000000001,0.112401,0.112409,0.112418,0.112427,0.11243499999999999,0.112444,0.11244999999999999,0.11246200000000001,0.11247,0.11247600000000001,0.112485,0.112494,0.112502,0.112511,0.11252,0.112528,0.112537,0.11254599999999999,0.112555,0.112563,0.11257200000000001,0.112578,0.11258700000000001,0.112595,0.112604,0.112613,0.112619,0.112627,0.112636,0.112645,0.112653,0.112662,0.112668,0.112677,0.11268499999999999,0.112694,0.11269999999999999,0.11271200000000001,0.112717,0.11272600000000001,0.112735,0.112744,0.112752,0.112758,0.11276700000000001,0.112776,0.11278100000000001,0.11279,0.112799,0.112807,0.112816,0.11282499999999999,0.112834,0.11283899999999999,0.112848,0.112857,0.112863,0.112871,0.11287999999999999,0.112889,0.112898,0.112903,0.112912,0.11292099999999999,0.11293,0.112938,0.11294700000000001,0.112956,0.11296200000000001,0.11297,0.112979,0.11298800000000001,0.112996,0.11300200000000001,0.113011,0.11302,0.113028,0.113037,0.113043,0.113055,0.11305999999999999,0.113069,0.113078,0.11308699999999999,0.113095,0.11310099999999999,0.11311300000000001,0.113118,0.11312700000000001,0.113136,0.113145,0.113153,0.113159,0.11317099999999999,0.113179,0.113188,0.11319700000000001,0.113203,0.11321100000000001,0.11322,0.113229,0.11323800000000001,0.113246,0.11325499999999999,0.113264,0.113273,0.11328100000000001,0.11329,0.113299,0.113307,0.113316,0.113325,0.113334,0.113342,0.113348,0.113357,0.11336499999999999,0.113374,0.113383,0.11339200000000001,0.1134,0.11340600000000001,0.113415,0.113424,0.11343200000000001,0.113441,0.11345,0.113456,0.113467,0.113473,0.113482,0.11348999999999999,0.113499,0.113508,0.113514,0.113522,0.11353100000000001,0.11354,0.113549,0.11355700000000001,0.113563,0.11357200000000001,0.113581,0.113589,0.113598,0.113607,0.11361300000000001,0.113624,0.11362999999999999,0.113639,0.113647,0.11365599999999999,0.113665,0.113674,0.11368200000000001,0.113688,0.11369700000000001,0.113706,0.113714,0.113723,0.113729,0.11373999999999999,0.113746,0.113755,0.113764,0.113772,0.11378099999999999,0.113787,0.113799,0.113804,0.113813,0.11382200000000001,0.113831,0.113839,0.113848,0.113854,0.11386300000000001,0.113871,0.11388,0.113889,0.113897,0.11390599999999999,0.113915,0.11392099999999999,0.113929,0.113938,0.11394700000000001,0.113956,0.11396100000000001,0.113973,0.113979,0.113987,0.113996,0.114005,0.114014,0.114022,0.11403099999999999,0.11404,0.114049,0.11405700000000001,0.114066,0.11407200000000001,0.11408,0.114089,0.114098,0.114107,0.11411499999999999,0.114124,0.11413,0.114139,0.114147,0.11415599999999999,0.114165,0.11417099999999999,0.114179,0.114188,0.11419700000000001,0.114205,0.114214,0.11422,0.114229,0.11423700000000001,0.114246,0.114255,0.114264,0.114272,0.11428099999999999,0.11429,0.11429599999999999,0.114304,0.114313,0.11432199999999999,0.11433,0.11433599999999999,0.11434800000000001,0.114357,0.11436200000000001,0.114371,0.11438,0.114389,0.114397,0.11440599999999999,0.114415,0.11442099999999999,0.114429,0.114438,0.11444699999999999,0.114455,0.11446099999999999,0.11447300000000001,0.114479,0.11448700000000001,0.114493,0.11450200000000001,0.114511,0.114519,0.114528,0.114537,0.114546,0.114554,0.114563,0.114569,0.114577,0.11458599999999999,0.114595,0.114604,0.11461200000000001,0.114621,0.11463,0.114636,0.114647,0.114653,0.114662,0.11466999999999999,0.114679,0.114688,0.11469699999999999,0.114705,0.114714,0.11472,0.114729,0.11473700000000001,0.114746,0.114755,0.114763,0.114772,0.11478099999999999,0.11479,0.114798,0.114804,0.114813,0.11482199999999999,0.11483,0.114839,0.11484800000000001,0.114857,0.11486200000000001,0.114871,0.11488,0.114888,0.114897,0.11490599999999999,0.114915,0.11491999999999999,0.114929,0.114938,0.11494699999999999,0.114955,0.114964,0.11497,0.114981,0.11498999999999999,0.114999,0.115008,0.115013,0.115022,0.11503099999999999,0.115037,0.115048,0.11505700000000001,0.115066,0.11507199999999999,0.11508,0.115089,0.11509800000000001,0.115104,0.11511200000000001,0.115121,0.11513,0.115138,0.115147,0.11515599999999999,0.115162,0.11516999999999999,0.115179,0.115188,0.11519699999999999,0.115205,0.115214,0.11522,0.115229,0.115234,0.115246,0.115255,0.115261,0.115272,0.11528099999999999,0.11529,0.115298,0.11530700000000001,0.115316,0.115324,0.115333,0.115339,0.115351,0.115356,0.115368,0.115374,0.115383,0.11539099999999999,0.1154,0.115409,0.11541999999999999,0.115429,0.115438,0.11544599999999999,0.115455,0.11546099999999999,0.11547,0.115478,0.11549,0.115496,0.115505,0.115513,0.115519,0.11552800000000001,0.115537,0.11554499999999999,0.115554,0.115563,0.11557199999999999,0.115577,0.11558599999999999,0.115595,0.115603,0.11561200000000001,0.115621,0.11563,0.115638,0.115647,0.11565300000000001,0.115662,0.11567,0.115679,0.115688,0.11569599999999999,0.115705,0.11571099999999999,0.11572,0.115728,0.11573700000000001,0.115746,0.115755,0.115763,0.115769,0.115781,0.115787,0.115798,0.115804,0.115813,0.11582099999999999,0.115827,0.115839,0.115845,0.115856,0.11586200000000001,0.115871,0.11588,0.115888,0.115897,0.115909,0.115914,0.115926,0.115935,0.11594400000000001,0.115955,0.11596099999999999,0.11597300000000001,0.115978,0.11599,0.115999,0.116007,0.11601599999999999,0.116022,0.116034,0.11604200000000001,0.116048,0.11606,0.116066,0.116077,0.11608300000000001,0.116092,0.11609800000000001,0.116106,0.116115,0.116124,0.116132,0.11614099999999999,0.11615,0.116159,0.11616700000000001,0.116176,0.11618199999999999,0.116191,0.116199,0.11620800000000001,0.116217,0.11622499999999999,0.116234,0.116243,0.11625199999999999,0.116257,0.11626599999999999,0.116275,0.116284,0.11629200000000001,0.116298,0.11631,0.116316,0.116324,0.11633300000000001,0.116342,0.11635,0.116359,0.116368,0.11637699999999999,0.116382,0.11639099999999999,0.1164,0.116409,0.116414,0.116426,0.11643199999999999,0.116443,0.116449,0.116455,0.116464,0.11647200000000001,0.116481,0.11649,0.11649900000000001,0.116507,0.11651599999999999,0.116525,0.116534,0.11654200000000001,0.116548,0.11655699999999999,0.116565,0.116574,0.11658300000000001,0.116592,0.1166,0.116609,0.116618,0.11662699999999999,0.116635,0.11664099999999999,0.11665300000000001,0.116659,0.11666700000000001,0.116676,0.116685,0.11669300000000001,0.116702,0.116711,0.116717,0.116725,0.116734,0.116743,0.11675199999999999,0.11676,0.11676599999999999,0.116775,0.116781,0.11679200000000001,0.116798,0.11681,0.116815,0.11682099999999999,0.11683,0.116839,0.11684700000000001,0.116856,0.116865,0.11687400000000001,0.116879,0.11689099999999999,0.116897,0.116906,0.116914,0.116926,0.11693199999999999,0.11694,0.116949,0.11695800000000001,0.116967,0.116975,0.116984,0.11699,0.11699900000000001,0.117007,0.117016,0.117025,0.117033,0.117039,0.117048,0.11705699999999999,0.117065,0.117074,0.11708300000000001,0.117089,0.11709700000000001,0.117106,0.11711199999999999,0.117121,0.117129,0.117135,0.117147,0.117156,0.117161,0.117173,0.11717900000000001,0.117187,0.11719599999999999,0.11720800000000001,0.117214,0.11722200000000001,0.117231,0.11724,0.11724900000000001,0.117257,0.117266,0.117275,0.11728,0.11729199999999999,0.117301,0.11731,0.11731800000000001,0.117327,0.11733300000000001,0.117342,0.11735,0.117356,0.117365,0.11737400000000001,0.117382,0.117391,0.117397,0.117408,0.11741699999999999,0.117423,0.11743199999999999,0.11744,0.117449,0.11745800000000001,0.117466,0.117475,0.117481,0.11749,0.11749800000000001,0.117507,0.11751300000000001,0.117525,0.11753,0.11754199999999999,0.117548,0.11756,0.117565,0.117577,0.11758299999999999,0.117591,0.1176,0.117606,0.117615,0.11762300000000001,0.117632,0.117641,0.11765,0.117658,0.11766699999999999,0.117676,0.11768199999999999,0.11769,0.117699,0.11770799999999999,0.117716,0.117725,0.11773400000000001,0.11774,0.117746,0.117754,0.11776300000000001,0.117775,0.11778,0.117789,0.117798,0.117807,0.117815,0.117824,0.11783299999999999,0.117841,0.11785,0.11785900000000001,0.117868,0.11787599999999999,0.117885,0.117894,0.11790200000000001,0.117908,0.11792,0.117926,0.117934,0.11794300000000001,0.117952,0.117961,0.117969,0.117975,0.11798400000000001,0.117993,0.11800099999999999,0.11801,0.118019,0.11802700000000001,0.118036,0.11804199999999999,0.118051,0.118059,0.11806800000000001,0.118077,0.118086,0.118094,0.118103,0.11811199999999999,0.11812,0.118129,0.11813800000000001,0.118144,0.11815199999999999,0.118161,0.11817,0.118176,0.118184,0.11819300000000001,0.118202,0.118211,0.118216,0.118225,0.11823400000000001,0.118243,0.118251,0.11826,0.118269,0.11827699999999999,0.118283,0.11829199999999999,0.118301,0.118309,0.118315,0.118324,0.11833299999999999,0.118341,0.11835,0.11835900000000001,0.118365,0.11837300000000001,0.118382,0.118391,0.118399,0.118408,0.11841699999999999,0.118423,0.11843099999999999,0.11844,0.118449,0.11845799999999999,0.118466,0.11847199999999999,0.11848400000000001,0.11849,0.11849800000000001,0.118507,0.11851299999999999,0.118522,0.11853,0.11853900000000001,0.118548,0.11855599999999999,0.118565,0.118574,0.11858299999999999,0.118591,0.1186,0.118606,0.118615,0.11862300000000001,0.118632,0.118641,0.118649,0.118658,0.11866699999999999,0.118676,0.118684,0.11869300000000001,0.118699,0.11871,0.118716,0.118728,0.11873400000000001,0.118742,0.118751,0.11876,0.118766,0.118774,0.118783,0.11879199999999999,0.118801,0.118809,0.11881799999999999,0.118827,0.11883299999999999,0.118841,0.11885,0.11885900000000001,0.118867,0.118876,0.118885,0.118891,0.11890199999999999,0.118908,0.11891699999999999,0.118923,0.118931,0.11894,0.118949,0.11895799999999999,0.118966,0.11897199999999999,0.118981,0.118989,0.119001,0.119007,0.119016,0.119024,0.119033,0.119042,0.11905,0.119059,0.119065,0.119074,0.11908199999999999,0.119091,0.1191,0.11910900000000001,0.119117,0.119126,0.119135,0.119141,0.11915199999999999,0.119158,0.119167,0.119175,0.119184,0.11919299999999999,0.119202,0.11920699999999999,0.119216,0.119225,0.11923400000000001,0.119239,0.119251,0.119257,0.119266,0.11927400000000001,0.119283,0.119292,0.119298,0.119306,0.119315,0.119324,0.11933199999999999,0.119341,0.11935,0.11935900000000001,0.119367,0.119376,0.11938500000000001,0.119391,0.11939900000000001,0.119408,0.119417,0.119425,0.119431,0.11944,0.119449,0.11945500000000001,0.119463,0.11947199999999999,0.119481,0.119489,0.11949799999999999,0.119507,0.119516,0.11952400000000001,0.119533,0.119542,0.11955,0.119559,0.11956799999999999,0.119577,0.11958199999999999,0.119591,0.1196,0.11960899999999999,0.119617,0.11962299999999999,0.11963500000000001,0.119641,0.11965199999999999,0.119658,0.119667,0.119675,0.119681,0.11969,0.119702,0.11970699999999999,0.119716,0.119725,0.11973399999999999,0.119742,0.119751,0.11976000000000001,0.119768,0.11977699999999999,0.119786,0.119795,0.11980300000000001,0.119812,0.11981799999999999,0.119827,0.119835,0.11984400000000001,0.119853,0.119861,0.119867,0.119879,0.11988500000000001,0.11989,0.11989900000000001,0.119908,0.119917,0.119925,0.119934,0.11994299999999999,0.119952,0.11996,0.119966,0.119975,0.11998300000000001,0.119992,0.120001,0.12001000000000001,0.120018,0.12002699999999999,0.120033,0.120042,0.12005,0.120059,0.12006799999999999,0.120076,0.120085,0.12009400000000001,0.120103,0.120111,0.120117,0.120129,0.12013500000000001,0.120143,0.12015199999999999,0.120161,0.120169,0.12017799999999999,0.120187,0.120196,0.12020400000000001,0.12021,0.12021900000000001,0.120228,0.120236,0.120245,0.120254,0.12026199999999999,0.120271,0.12028,0.120286,0.120294,0.12030299999999999,0.120309,0.120321,0.12032900000000001,0.120338,0.120347,0.120353,0.120361,0.12037,0.120379,0.12038699999999999,0.120396,0.120405,0.120411,0.120419,0.12042799999999999,0.120437,0.120446,0.12045400000000001,0.120463,0.120472,0.12048,0.120489,0.120495,0.120507,0.12051199999999999,0.120521,0.12053,0.12053899999999999,0.120547,0.12055299999999999,0.120562,0.120571,0.12057900000000001,0.120588,0.120597,0.120605,0.120611,0.12062,0.120629,0.12063699999999999,0.120646,0.120655,0.120661,0.120669,0.12067799999999999,0.120684,0.12069299999999999,0.120701,0.12071,0.12071900000000001,0.120725,0.12073299999999999,0.120739,0.120751,0.12075900000000001,0.120765,0.12077400000000001,0.12078,0.12078899999999999,0.120797,0.120806,0.12081500000000001,0.120823,0.12083199999999999,0.120841,0.12085,0.120855,0.120864,0.12087299999999999,0.120882,0.12089,0.12089900000000001,0.120908,0.120916,0.120925,0.120931,0.12094000000000001,0.120946,0.12095400000000001,0.120963,0.120972,0.12098,0.120989,0.12099799999999999,0.121007,0.121015,0.12102400000000001,0.121033,0.121041,0.12105,0.121059,0.121068,0.121073,0.121082,0.12109399999999999,0.1211,0.12110799999999999,0.121117,0.121126,0.12113400000000001,0.121143,0.121152,0.121161,0.121169,0.121175,0.121184,0.121193,0.121201,0.121207,0.12121899999999999,0.121227,0.12123299999999999,0.121242,0.121251,0.12125900000000001,0.121268,0.12127400000000001,0.121283,0.121291,0.121297,0.121309,0.12131500000000001,0.121326,0.121332,0.121341,0.121349,0.12135799999999999,0.121367,0.121376,0.12138400000000001,0.12139,0.12139900000000001,0.121408,0.121416,0.12142500000000001,0.121434,0.121443,0.121448,0.121457,0.121466,0.121474,0.12148299999999999,0.121492,0.121501,0.12150900000000001,0.121518,0.12152399999999999,0.121533,0.121541,0.12155000000000001,0.121559,0.12156699999999999,0.121576,0.121582,0.121591,0.121599,0.12160799999999999,0.121617,0.121623,0.121631,0.12164,0.12164899999999999,0.121658,0.121666,0.12167500000000001,0.121684,0.12169199999999999,0.121698,0.121707,0.121716,0.121724,0.12173299999999999,0.121739,0.121751,0.121756,0.121765,0.12177399999999999,0.121783,0.121791,0.12180000000000001,0.121809,0.12181500000000001,0.121826,0.121832,0.12184399999999999,0.121852,0.121861,0.121867,0.121876,0.12188400000000001,0.121893,0.121902,0.12191,0.121919,0.12192500000000001,0.121934,0.12194199999999999,0.121951,0.12196,0.12196899999999999,0.121977,0.12198299999999999,0.121992,0.122001,0.12200900000000001,0.122018,0.122027,0.122035,0.122041,0.12205000000000001,0.122059,0.12206400000000001,0.122076,0.122082,0.12209100000000001,0.122099,0.12210799999999999,0.122117,0.122123,0.12213400000000001,0.12214,0.12214899999999999,0.122157,0.122166,0.12217500000000001,0.122184,0.122192,0.122198,0.12221,0.12221600000000001,0.122224,0.12223299999999999,0.122242,0.12225,0.12225900000000001,0.122268,0.12227399999999999,0.122285,0.122291,0.122297,0.122309,0.12231400000000001,0.122326,0.122332,0.12234100000000001,0.122349,0.12235799999999999,0.122367,0.122375,0.12238400000000001,0.122393,0.122402,0.122407,0.122419,0.12242500000000001,0.122434,0.122442,0.122451,0.12246,0.12246799999999999,0.122474,0.12248299999999999,0.122492,0.1225,0.122506,0.122518,0.12252399999999999,0.12253500000000001,0.122541,0.12255000000000001,0.122556,0.12256400000000001,0.122573,0.122582,0.12259100000000001,0.122599,0.12260799999999999,0.122617,0.122625,0.12263400000000001,0.122643,0.122652,0.12266000000000001,0.122669,0.12267500000000001,0.122684,0.122692,0.122701,0.12271,0.12271799999999999,0.122724,0.12273299999999999,0.122742,0.122748,0.122756,0.122765,0.12277399999999999,0.122779,0.12278799999999999,0.122794,0.122806,0.12281400000000001,0.12282,0.122832,0.122838,0.122846,0.12285500000000001,0.122867,0.122872,0.122881,0.12289,0.12289899999999999,0.122907,0.122916,0.122922,0.122933,0.12293900000000001,0.122948,0.122957,0.122965,0.122971,0.12298000000000001,0.122989,0.123,0.123006,0.123015,0.12302399999999999,0.123032,0.123041,0.12305000000000001,0.123058,0.123067,0.123073,0.123082,0.12309,0.123096,0.12310500000000001,0.123114,0.123122,0.123131,0.12314,0.12314899999999999,0.123157,0.123166,0.12317500000000001,0.123183,0.123192,0.123201,0.12321,0.12321500000000001,0.123224,0.123233,0.123242,0.12325,0.123256,0.123265,0.12327399999999999,0.123282,0.123291,0.12330000000000001,0.123308,0.123317,0.12332600000000001,0.123335,0.12334000000000001,0.123349,0.123358,0.123367,0.123375,0.12338399999999999,0.12339,0.12339899999999999,0.123404,0.12341299999999999,0.123422,0.123431,0.12343899999999999,0.123448,0.123457,0.12346500000000001,0.123474,0.123483,0.123492,0.123497,0.123506,0.123518,0.123526,0.12353500000000001,0.123541,0.12354999999999999,0.123558,0.123567,0.12357600000000001,0.123585,0.12359299999999999,0.123599,0.123608,0.123616,0.123625,0.12363399999999999,0.123643,0.12364799999999999,0.123657,0.123666,0.12367499999999999,0.123683,0.123692,0.123698,0.12371,0.12371500000000001,0.123724,0.123733,0.123742,0.12375,0.12375899999999999,0.123768,0.123776,0.12378500000000001,0.123794,0.123802,0.123808,0.12382,0.12382600000000001,0.123834,0.12384299999999999,0.123849,0.123861,0.123866,0.123878,0.12388399999999999,0.123893,0.123901,0.12391000000000001,0.123919,0.123927,0.123936,0.123945,0.12395399999999999,0.123959,0.12396799999999999,0.123977,0.123986,0.12399399999999999,0.124003,0.124012,0.12402100000000001,0.124029,0.124038,0.124047,0.124055,0.12406399999999999,0.124073,0.12407899999999999,0.124087,0.124096,0.12410499999999999,0.124111,0.124122,0.124128,0.124137,0.12414500000000001,0.124154,0.124163,0.124172,0.12418,0.124186,0.124195,0.12420399999999999,0.124212,0.124218,0.124227,0.124233,0.124241,0.12425,0.12425600000000001,0.124265,0.12427299999999999,0.124282,0.124291,0.124297,0.124305,0.12431399999999999,0.12432600000000001,0.124334,0.124343,0.124349,0.124358,0.124366,0.124375,0.12438399999999999,0.124393,0.124401,0.124407,0.124416,0.12442400000000001,0.124433,0.124442,0.12445100000000001,0.124459,0.12446500000000001,0.124474,0.124483,0.124491,0.1245,0.12450899999999999,0.124517,0.124526,0.12453500000000001,0.124541,0.124547,0.124558,0.12456399999999999,0.124573,0.124581,0.12459000000000001,0.124599,0.124608,0.124616,0.124622,0.12463399999999999,0.12464,0.12464799999999999,0.124657,0.124666,0.12467399999999999,0.12468,0.124692,0.12470100000000001,0.124709,0.12471500000000001,0.124724,0.124733,0.124741,0.12475,0.12475600000000001,0.124765,0.124773,0.124782,0.124791,0.12479899999999999,0.124805,0.124817,0.12482600000000001,0.124834,0.124843,0.124852,0.124858,0.124866,0.124875,0.124884,0.124892,0.124901,0.12490999999999999,0.124919,0.12492399999999999,0.124933,0.124942,0.124948,0.124956,0.12496500000000001,0.124977,0.124983,0.124991,0.125,0.12500900000000001,0.12501699999999999,0.125026,0.125032,0.12504100000000001,0.12504899999999999,0.125058,0.12506700000000001,0.12507599999999999,0.125081,0.12509300000000001,0.12509899999999999,0.125108,0.125116,0.12512499999999999,0.125134,0.125139,0.12514800000000001,0.12515699999999999,0.125163,0.125171,0.12518000000000001,0.12518899999999999,0.125198,0.12520600000000001,0.12521499999999999,0.125221,0.12523000000000001,0.12523799999999999,0.125247,0.125253,0.12526200000000001,0.12526999999999999,0.125279,0.12528800000000001,0.12529599999999999,0.125305,0.12531400000000001,0.12532299999999999,0.125331,0.125337,0.12534600000000001,0.12535499999999999,0.125363,0.12537200000000001,0.12538099999999999,0.125389,0.12539800000000001,0.12540399999999999,0.125413,0.125421,0.12543000000000001,0.12543899999999999,0.125448,0.12545600000000001,0.12546499999999999,0.125471,0.12548000000000001,0.12548799999999999,0.125497,0.12550600000000001,0.12551399999999999,0.125523,0.125532,0.12553800000000001,0.12554599999999999,0.125555,0.12556400000000001,0.12557299999999999,0.125581,0.12559000000000001,0.12559899999999999,0.12560499999999999,0.125613,0.12562200000000001,0.12563099999999999,0.125637,0.12564800000000001,0.12565699999999999,0.125666,0.125671,0.12567999999999999,0.125689,0.125698,0.12570899999999999,0.12571499999999999,0.125724,0.12573200000000001,0.12574099999999999,0.12575,0.12575900000000001,0.12576699999999999,0.125773,0.125782,0.12579000000000001,0.12579899999999999,0.125808,0.12581700000000001,0.12582499999999999,0.125834,0.12584000000000001,0.12584899999999999,0.12585399999999999,0.12586600000000001,0.12587200000000001,0.12588099999999999,0.125889,0.12589800000000001,0.12590699999999999,0.125915,0.12592100000000001,0.12592999999999999,0.125939,0.125947,0.12595300000000001,0.12596499999999999,0.125971,0.12597900000000001,0.12598799999999999,0.12599399999999999,0.12600600000000001,0.12601399999999999,0.126023,0.12603200000000001,0.12603800000000001,0.12604599999999999,0.126055,0.12606400000000001,0.12607199999999999,0.126081,0.12609000000000001,0.12609899999999999,0.126107,0.12611600000000001,0.12612499999999999,0.126133,0.126142,0.12614800000000001,0.12615699999999999,0.126165,0.12617400000000001,0.12618299999999999,0.126192,0.126197,0.12620899999999999,0.12621499999999999,0.126224,0.12623200000000001,0.12624099999999999,0.126247,0.12625600000000001,0.12626399999999999,0.126273,0.12628200000000001,0.12629000000000001,0.12629899999999999,0.126308,0.12631700000000001,0.12632499999999999,0.126331,0.12634000000000001,0.12634899999999999,0.126357,0.12636600000000001,0.12637499999999999,0.126383,0.126392,0.12640100000000001,0.12640699999999999,0.126415,0.12642400000000001,0.12643299999999999,0.126442,0.12645000000000001,0.12645899999999999,0.126468,0.12647600000000001,0.12648200000000001,0.12649099999999999,0.1265,0.12650800000000001,0.12651699999999999,0.126523,0.12653200000000001,0.12654000000000001,0.12654899999999999,0.126558,0.12656700000000001,0.12657199999999999,0.126581,0.12658700000000001,0.12659599999999999,0.12660399999999999,0.126613,0.12662200000000001,0.12662999999999999,0.126636,0.12664500000000001,0.12665399999999999,0.126662,0.12667100000000001,0.12667999999999999,0.12668599999999999,0.126697,0.12670300000000001,0.12671199999999999,0.126721,0.12672900000000001,0.12673799999999999,0.126744,0.126753,0.12676100000000001,0.12676999999999999,0.126776,0.12678500000000001,0.12679299999999999,0.126802,0.12681100000000001,0.12681899999999999,0.126828,0.12683700000000001,0.12684599999999999,0.12685399999999999,0.12686,0.12687200000000001,0.12687799999999999,0.126886,0.12689500000000001,0.12690100000000001,0.126912,0.126918,0.12692700000000001,0.12693599999999999,0.126944,0.12695300000000001,0.12696199999999999,0.126971,0.12697600000000001,0.12698799999999999,0.126994,0.127002,0.12701100000000001,0.12701999999999999,0.127029,0.12703700000000001,0.12704599999999999,0.127055,0.12706400000000001,0.12707199999999999,0.127078,0.12708700000000001,0.12709599999999999,0.12710399999999999,0.127113,0.12712200000000001,0.12712999999999999,0.127139,0.12714800000000001,0.12715699999999999,0.127168,0.12717400000000001,0.12718599999999999,0.127189,0.127197,0.12720600000000001,0.12721199999999999,0.12722,0.12722900000000001,0.12723799999999999,0.127244,0.12725500000000001,0.12726100000000001,0.127273,0.127279,0.12728700000000001,0.12729599999999999,0.127302,0.12731100000000001,0.12731899999999999,0.127328,0.12733700000000001,0.12734500000000001,0.12735399999999999,0.12736,0.12736900000000001,0.12737699999999999,0.127386,0.12739500000000001,0.12740399999999999,0.127412,0.12742100000000001,0.12742999999999999,0.127438,0.127447,0.12745300000000001,0.12746499999999999,0.127473,0.12748200000000001,0.12748799999999999,0.127497,0.12750500000000001,0.12751699999999999,0.127523,0.12753100000000001,0.12753999999999999,0.12754599999999999,0.127558,0.12756300000000001,0.12757199999999999,0.127581,0.12759000000000001,0.12759799999999999,0.127607,0.12761600000000001,0.12762200000000001,0.127633,0.127639,0.12765099999999999,0.12765599999999999,0.127665,0.12767400000000001,0.12767999999999999,0.127691,0.127697,0.12770899999999999,0.127717,0.127723,0.12773200000000001,0.12774099999999999,0.127749,0.12775800000000001,0.12776699999999999,0.127776,0.12778400000000001,0.12778999999999999,0.127802,0.127808,0.12781600000000001,0.12782199999999999,0.127831,0.12783700000000001,0.12784499999999999,0.12785099999999999,0.12786,0.12786900000000001,0.12787699999999999,0.127883,0.12789200000000001,0.12790099999999999,0.12790599999999999,0.127915,0.12792400000000001,0.12792999999999999,0.127938,0.12794700000000001,0.12795599999999999,0.127965,0.127973,0.12798200000000001,0.12799099999999999,0.127997,0.12800500000000001,0.12801399999999999,0.128023,0.12803100000000001,0.12803999999999999,0.12804599999999999,0.12805800000000001,0.12806300000000001,0.12807499999999999,0.128081,0.12808700000000001,0.12809799999999999,0.128107,0.12811600000000001,0.12812100000000001,0.12812999999999999,0.128139,0.12814500000000001,0.12815599999999999,0.128162,0.12817100000000001,0.12817999999999999,0.128188,0.12819700000000001,0.12820599999999999,0.12821399999999999,0.128223,0.12823200000000001,0.12823799999999999,0.128246,0.12825500000000001,0.12826399999999999,0.128273,0.12828400000000001,0.12828999999999999,0.128299,0.128307,0.12831600000000001,0.12832499999999999,0.128331,0.12833900000000001,0.12834799999999999,0.128357,0.12836600000000001,0.12837100000000001,0.12837999999999999,0.128389,0.12839800000000001,0.12840599999999999,0.128415,0.12842100000000001,0.12842999999999999,0.128438,0.12844700000000001,0.12845599999999999,0.12846199999999999,0.12847,0.12847900000000001,0.12848799999999999,0.128496,0.12850500000000001,0.12851099999999999,0.12852,0.128528,0.12853700000000001,0.12854599999999999,0.128552,0.12856000000000001,0.12856899999999999,0.128578,0.12858700000000001,0.12859499999999999,0.128604,0.12861300000000001,0.12862100000000001,0.12862699999999999,0.128636,0.12864500000000001,0.12865299999999999,0.128662,0.12867100000000001,0.12867899999999999,0.128688,0.12869700000000001,0.12870599999999999,0.128714,0.128723,0.12873200000000001,0.12874099999999999,0.128749,0.12875500000000001,0.12876399999999999,0.128773,0.128778,0.12878700000000001,0.12879299999999999,0.128802,0.12881000000000001,0.12881899999999999,0.128828,0.12883600000000001,0.12884499999999999,0.12885099999999999,0.12886,0.12886800000000001,0.12887699999999999,0.128886,0.12889500000000001,0.12890299999999999,0.128912,0.128918,0.12892700000000001,0.12893499999999999,0.128944,0.12895000000000001,0.12895899999999999,0.128967,0.12897600000000001,0.12898499999999999,0.128993,0.12900200000000001,0.12901099999999999,0.12902,0.129028,0.12903700000000001,0.12904599999999999,0.129054,0.12906300000000001,0.12907199999999999,0.129081,0.12908600000000001,0.12909499999999999,0.129104,0.12911,0.12912100000000001,0.12912699999999999,0.129136,0.12914500000000001,0.12915299999999999,0.129159,0.12916800000000001,0.12917400000000001,0.12918199999999999,0.129191,0.12920000000000001,0.12920799999999999,0.129214,0.129223,0.12923200000000001,0.12923999999999999,0.129249,0.12925500000000001,0.12926399999999999,0.129272,0.12928100000000001,0.12928999999999999,0.129299,0.12930700000000001,0.12931599999999999,0.12932199999999999,0.129331,0.12933900000000001,0.12934799999999999,0.129357,0.12936500000000001,0.12937100000000001,0.129383,0.129389,0.12939700000000001,0.12940599999999999,0.129415,0.12942100000000001,0.12942899999999999,0.129438,0.12944700000000001,0.12945599999999999,0.129464,0.12947,0.12947900000000001,0.12948999999999999,0.129496,0.12950500000000001,0.12951399999999999,0.129522,0.129528,0.12953999999999999,0.129549,0.12955700000000001,0.12956599999999999,0.129575,0.129581,0.12958900000000001,0.12959799999999999,0.129607,0.12961500000000001,0.12962099999999999,0.12963,0.129639,0.12964700000000001,0.12965599999999999,0.129665,0.12967300000000001,0.12968199999999999,0.129691,0.12970000000000001,0.12970799999999999,0.129714,0.12972600000000001,0.12973199999999999,0.12973999999999999,0.129749,0.12975800000000001,0.12976699999999999,0.129772,0.12978400000000001,0.12978999999999999,0.129798,0.12980700000000001,0.12981599999999999,0.12982199999999999,0.12983,0.12983900000000001,0.12984799999999999,0.129857,0.12986500000000001,0.12987099999999999,0.12988,0.129889,0.12989700000000001,0.12990599999999999,0.129915,0.12992100000000001,0.12992899999999999,0.129938,0.129944,0.12995499999999999,0.129964,0.12997,0.12998199999999999,0.12998699999999999,0.129996,0.13000500000000001,0.13001399999999999,0.130022,0.13003100000000001,0.13003999999999999,0.130048,0.13005700000000001,0.13006599999999999,0.130075,0.130083,0.13009200000000001,0.13010099999999999,0.13011,0.13011800000000001,0.13012699999999999,0.130133,0.13014400000000001,0.13015299999999999,0.130162,0.13017100000000001,0.13017899999999999,0.130185,0.130194,0.13020300000000001,0.13021099999999999,0.13022,0.13022900000000001,0.13023699999999999,0.130246,0.13025200000000001,0.13026099999999999,0.130269,0.130278,0.13028699999999999,0.13029299999999999,0.130301,0.13031000000000001,0.13031899999999999,0.130327,0.13033600000000001,0.13034200000000001,0.130354,0.130359,0.13036800000000001,0.13037699999999999,0.130388,0.13039400000000001,0.13040299999999999,0.130412,0.13042000000000001,0.13042899999999999,0.130435,0.130444,0.13045200000000001,0.13046099999999999,0.13047,0.13047900000000001,0.13048699999999999,0.130493,0.13050200000000001,0.13051099999999999,0.130519,0.13052800000000001,0.13053400000000001,0.13054299999999999,0.130551,0.13055700000000001,0.13056599999999999,0.130575,0.13058,0.13058900000000001,0.13059799999999999,0.130606,0.13061500000000001,0.13062099999999999,0.13063,0.130638,0.13064700000000001,0.13065599999999999,0.130662,0.13067000000000001,0.13067899999999999,0.130688,0.130694,0.13070200000000001,0.13071099999999999,0.13072,0.13072600000000001,0.13073399999999999,0.130743,0.13075500000000001,0.13076099999999999,0.130772,0.13077800000000001,0.13078999999999999,0.13079499999999999,0.130804,0.13081300000000001,0.13082199999999999,0.13083,0.13083900000000001,0.13084799999999999,0.130856,0.13086200000000001,0.13087099999999999,0.13088,0.130888,0.13089700000000001,0.13090599999999999,0.130915,0.13092000000000001,0.13092899999999999,0.130938,0.13094700000000001,0.13095499999999999,0.130964,0.13097300000000001,0.13097900000000001,0.13098699999999999,0.130996,0.13100500000000001,0.13101299999999999,0.131022,0.13102800000000001,0.13103699999999999,0.131048,0.131054,0.13106300000000001,0.13107099999999999,0.131077,0.13108600000000001,0.13109499999999999,0.131104,0.13111200000000001,0.13112099999999999,0.13113,0.131135,0.13114400000000001,0.13115299999999999,0.131162,0.13117000000000001,0.13117899999999999,0.131188,0.13119700000000001,0.13120499999999999,0.131214,0.13122300000000001,0.13123099999999999,0.13123699999999999,0.131249,0.13125500000000001,0.13126599999999999,0.131272,0.13127800000000001,0.13128899999999999,0.131295,0.131304,0.13131300000000001,0.131324,0.13133,0.13133600000000001,0.13134799999999999,0.131353,0.13136500000000001,0.13137099999999999,0.131383,0.131388,0.13139700000000001,0.131406,0.131414,0.13142300000000001,0.13143199999999999,0.131441,0.13144900000000001,0.13145499999999999,0.131464,0.13147300000000001,0.13147800000000001,0.13148699999999999,0.131496,0.13150500000000001,0.13151299999999999,0.131522,0.13153100000000001,0.13153899999999999,0.131548,0.13155700000000001,0.13156599999999999,0.131574,0.13158300000000001,0.13158900000000001,0.13159799999999999,0.131606,0.13161500000000001,0.13162399999999999,0.13163,0.13163800000000001,0.13164699999999999,0.13165299999999999,0.131664,0.13167300000000001,0.13168199999999999,0.131688,0.13169600000000001,0.13170499999999999,0.131714,0.13172300000000001,0.13173099999999999,0.13173699999999999,0.131746,0.13175500000000001,0.13176299999999999,0.131772,0.13178100000000001,0.13178899999999999,0.131795,0.13180700000000001,0.13181300000000001,0.13182099999999999,0.13183,0.13183900000000001,0.13184799999999999,0.131853,0.13186500000000001,0.13187099999999999,0.131879,0.13188800000000001,0.13189400000000001,0.13190299999999999,0.131912,0.13192000000000001,0.13192899999999999,0.131941,0.13194600000000001,0.13195499999999999,0.131964,0.13197300000000001,0.13198099999999999,0.13199,0.13199900000000001,0.13200700000000001,0.13201599999999999,0.132025,0.13203400000000001,0.13204199999999999,0.132051,0.13205700000000001,0.13206599999999999,0.132074,0.13208600000000001,0.13209499999999999,0.132103,0.13211200000000001,0.13211800000000001,0.13212699999999999,0.132135,0.13214400000000001,0.13215299999999999,0.132161,0.13217000000000001,0.13217899999999999,0.132185,0.132193,0.13220199999999999,0.132211,0.13222,0.13222800000000001,0.13223699999999999,0.132246,0.13225400000000001,0.13226299999999999,0.132272,0.13228100000000001,0.13228599999999999,0.132298,0.132304,0.13231299999999999,0.13232099999999999,0.13233,0.13233900000000001,0.13234699999999999,0.132353,0.132359,0.13237099999999999,0.13237699999999999,0.132385,0.13239400000000001,0.13240299999999999,0.132411,0.13242000000000001,0.13242899999999999,0.132438,0.13244600000000001,0.13245199999999999,0.132461,0.13247,0.13247800000000001,0.13248699999999999,0.132496,0.13250400000000001,0.13250999999999999,0.132522,0.13252800000000001,0.13253599999999999,0.132545,0.132551,0.13256000000000001,0.13256799999999999,0.132577,0.13258600000000001,0.13259399999999999,0.132603,0.13261200000000001,0.13262099999999999,0.13262599999999999,0.13263800000000001,0.13264400000000001,0.13265299999999999,0.132661,0.13267000000000001,0.13267899999999999,0.132687,0.13269600000000001,0.13270499999999999,0.132714,0.132719,0.13272800000000001,0.13273699999999999,0.132743,0.13275400000000001,0.13275999999999999,0.132769,0.13277800000000001,0.13278599999999999,0.132795,0.13280400000000001,0.13281299999999999,0.13282099999999999,0.13283,0.13283900000000001,0.13284699999999999,0.132853,0.13286200000000001,0.13287099999999999,0.132879,0.13288800000000001,0.13289699999999999,0.132905,0.132911,0.13292300000000001,0.13292899999999999,0.132937,0.13294600000000001,0.13295499999999999,0.132964,0.13297200000000001,0.13298099999999999,0.13299,0.13299800000000001,0.13300400000000001,0.13301299999999999,0.133022,0.13303000000000001,0.13303899999999999,0.133048,0.13305400000000001,0.13306200000000001,0.13307099999999999,0.13308,0.13308600000000001,0.13309399999999999,0.1331,0.13310900000000001,0.13311799999999999,0.13312299999999999,0.133132,0.13314100000000001,0.13314999999999999,0.133158,0.13316700000000001,0.13317300000000001,0.133185,0.13319,0.13319600000000001,0.13320499999999999,0.133214,0.13322200000000001,0.13323099999999999,0.13323699999999999,0.13324800000000001,0.13325699999999999,0.13326299999999999,0.133272,0.13328000000000001,0.13328899999999999,0.133298,0.13330400000000001,0.13331200000000001,0.133321,0.13333,0.13333600000000001,0.13334399999999999,0.133353,0.13336200000000001,0.13337099999999999,0.133379,0.13338800000000001,0.13339400000000001,0.13340199999999999,0.133411,0.13342000000000001,0.13342899999999999,0.133437,0.13344600000000001,0.13345499999999999,0.133464,0.133469,0.13348099999999999,0.13348699999999999,0.133495,0.13350400000000001,0.13350999999999999,0.133519,0.13352700000000001,0.13353899999999999,0.133545,0.13355400000000001,0.13356199999999999,0.133571,0.13358,0.13358600000000001,0.13359699999999999,0.133606,0.13361500000000001,0.13362299999999999,0.133629,0.13363800000000001,0.13364699999999999,0.133655,0.133661,0.13367000000000001,0.13367899999999999,0.13369,0.13369600000000001,0.13370499999999999,0.133713,0.13372200000000001,0.13373099999999999,0.13374,0.13374800000000001,0.13375400000000001,0.133766,0.133772,0.13378000000000001,0.13378899999999999,0.133798,0.13380600000000001,0.13381199999999999,0.133824,0.13383300000000001,0.13384099999999999,0.13385,0.13385900000000001,0.13386500000000001,0.13387299999999999,0.133882,0.13389100000000001,0.13389899999999999,0.133908,0.13391700000000001,0.13392299999999999,0.13393099999999999,0.13394,0.13394900000000001,0.13395799999999999,0.133963,0.13397200000000001,0.13398099999999999,0.13399,0.13399800000000001,0.13400699999999999,0.134016,0.134024,0.13403300000000001,0.13403899999999999,0.134051,0.13405600000000001,0.13406499999999999,0.134074,0.13408300000000001,0.13409099999999999,0.1341,0.13410900000000001,0.13411699999999999,0.134126,0.134135,0.13414400000000001,0.13414899999999999,0.134158,0.13416700000000001,0.13417599999999999,0.13418099999999999,0.13419,0.13419900000000001,0.13420799999999999,0.134216,0.13422500000000001,0.13423399999999999,0.134242,0.13425100000000001,0.13425999999999999,0.134269,0.13427700000000001,0.13428599999999999,0.134295,0.134301,0.13430900000000001,0.13431799999999999,0.134327,0.13433500000000001,0.13434099999999999,0.13435,0.13435900000000001,0.13436699999999999,0.13437299999999999,0.134382,0.13439100000000001,0.13439899999999999,0.134408,0.13441400000000001,0.13442299999999999,0.13443099999999999,0.13444,0.13444600000000001,0.13445799999999999,0.134466,0.13447500000000001,0.13448399999999999,0.134492,0.13450100000000001,0.13450999999999999,0.134519,0.13452700000000001,0.13453599999999999,0.134545,0.13455300000000001,0.13456199999999999,0.134571,0.13458000000000001,0.13458500000000001,0.13459699999999999,0.134603,0.13461200000000001,0.13461999999999999,0.134629,0.13463800000000001,0.13464400000000001,0.134655,0.134661,0.13467000000000001,0.13467799999999999,0.134687,0.13469600000000001,0.13470499999999999,0.134713,0.13471900000000001,0.13473099999999999,0.134737,0.134745,0.13475400000000001,0.13476299999999999,0.134771,0.13478000000000001,0.13478899999999999,0.134798,0.13480600000000001,0.13481199999999999,0.134821,0.13483000000000001,0.13483500000000001,0.13484399999999999,0.134853,0.13486200000000001,0.13486999999999999,0.134879,0.134885,0.13489599999999999,0.134905,0.134911,0.13492000000000001,0.13492799999999999,0.134934,0.13494300000000001,0.13495199999999999,0.13496,0.13496900000000001,0.13497500000000001,0.13498399999999999,0.134992,0.13500100000000001,0.13500999999999999,0.135016,0.13502400000000001,0.13503299999999999,0.135042,0.13505,0.13505900000000001,0.13506499999999999,0.135074,0.13508000000000001,0.13509099999999999,0.13509699999999999,0.135106,0.13511400000000001,0.13512299999999999,0.135132,0.13513800000000001,0.13514599999999999,0.135155,0.13516400000000001,0.13517299999999999,0.135181,0.13519,0.13519600000000001,0.13520699999999999,0.135213,0.13522200000000001,0.13523099999999999,0.135239,0.13524800000000001,0.13525400000000001,0.13526299999999999,0.135271,0.13527700000000001,0.13528899999999999,0.135295,0.13530600000000001,0.13531499999999999,0.135324,0.135329,0.13533800000000001,0.135347,0.135353,0.13536100000000001,0.13536999999999999,0.135382,0.13538800000000001,0.13539599999999999,0.135405,0.13541400000000001,0.13542000000000001,0.13542799999999999,0.135437,0.13544600000000001,0.13545199999999999,0.135463,0.13546900000000001,0.13547799999999999,0.135486,0.135495,0.13550400000000001,0.13551299999999999,0.135521,0.13553000000000001,0.13553899999999999,0.135547,0.13555600000000001,0.13556199999999999,0.135571,0.13557900000000001,0.13558500000000001,0.135597,0.135603,0.13561100000000001,0.13561999999999999,0.135629,0.13563800000000001,0.13564599999999999,0.135655,0.13566400000000001,0.13567000000000001,0.13567799999999999,0.135687,0.13569600000000001,0.13570399999999999,0.135713,0.13572200000000001,0.13573099999999999,0.135736,0.13574800000000001,0.13575699999999999,0.13576299999999999,0.135771,0.13577700000000001,0.13578599999999999,0.135794,0.13580300000000001,0.13581199999999999,0.13581799999999999,0.13582900000000001,0.13583500000000001,0.135847,0.135853,0.13586400000000001,0.13586999999999999,0.135879,0.13588700000000001,0.13589599999999999,0.135905,0.13591400000000001,0.13592199999999999,0.135931,0.13594000000000001,0.13594899999999999,0.13595699999999999,0.135963,0.13597200000000001,0.13597999999999999,0.135989,0.13599800000000001,0.13600400000000001,0.136015,0.136021,0.13603000000000001,0.13603899999999999,0.136044,0.13605600000000001,0.13606199999999999,0.136071,0.13607900000000001,0.13608799999999999,0.136097,0.136105,0.13611400000000001,0.13612299999999999,0.136132,0.13614000000000001,0.13614899999999999,0.136158,0.13616600000000001,0.13617199999999999,0.136181,0.13619000000000001,0.13619600000000001,0.13620699999999999,0.136213,0.13622500000000001,0.13622999999999999,0.136239,0.13624800000000001,0.13625399999999999,0.13626199999999999,0.136271,0.13628000000000001,0.13628899999999999,0.136297,0.13630600000000001,0.13631199999999999,0.136321,0.13632900000000001,0.13633799999999999,0.136347,0.136355,0.13636400000000001,0.13636999999999999,0.136379,0.13638700000000001,0.13639599999999999,0.136405,0.136411,0.13641900000000001,0.13642799999999999,0.136437,0.13644600000000001,0.13645399999999999,0.136463,0.13647200000000001,0.13647999999999999,0.136489,0.13649800000000001,0.13650399999999999,0.13651199999999999,0.136521,0.13652700000000001,0.13653599999999999,0.136544,0.13655300000000001,0.13656199999999999,0.13657,0.13657900000000001,0.13658799999999999,0.136597,0.136605,0.13661400000000001,0.13661999999999999,0.136629,0.13663700000000001,0.13664299999999999,0.136655,0.136661,0.13666900000000001,0.13667799999999999,0.136687,0.13669500000000001,0.13670399999999999,0.136713,0.13671900000000001,0.13672699999999999,0.136736,0.13674500000000001,0.13675399999999999,0.13675899999999999,0.136768,0.13677700000000001,0.13678599999999999,0.136794,0.13680300000000001,0.13681199999999999,0.136818,0.136826,0.13683500000000001,0.13684399999999999,0.136852,0.13686100000000001,0.13686999999999999,0.136879,0.13688400000000001,0.13689299999999999,0.136905,0.136911,0.13691900000000001,0.13692799999999999,0.136937,0.13694300000000001,0.13695099999999999,0.13696,0.13696900000000001,0.13697699999999999,0.136986,0.13699500000000001,0.13700399999999999,0.13701199999999999,0.137021,0.13702700000000001,0.13703799999999999,0.137047,0.13705600000000001,0.13706199999999999,0.13707,0.13707900000000001,0.13708799999999999,0.137097,0.137102,0.13711100000000001,0.13711999999999999,0.137129,0.13713700000000001,0.13714599999999999,0.137155,0.13716300000000001,0.13717199999999999,0.137181,0.13719000000000001,0.13719500000000001,0.13720399999999999,0.137213,0.13722200000000001,0.13722699999999999,0.137236,0.13724500000000001,0.13725100000000001,0.13725899999999999,0.137271,0.13727700000000001,0.13728499999999999,0.137294,0.13730300000000001,0.13731199999999999,0.13732,0.13732900000000001,0.13733799999999999,0.137347,0.137355,0.13736100000000001,0.13736999999999999,0.137378,0.13738700000000001,0.13739599999999999,0.137405,0.13741300000000001,0.13742199999999999,0.137431,0.13743900000000001,0.13744500000000001,0.137457,0.137463,0.13747100000000001,0.13747999999999999,0.137489,0.13749800000000001,0.13750299999999999,0.137515,0.137521,0.13753000000000001,0.13753799999999999,0.137547,0.13755600000000001,0.13756399999999999,0.137573,0.13757900000000001,0.13758799999999999,0.137596,0.137602,0.13761399999999999,0.137623,0.137631,0.13764000000000001,0.13764599999999999,0.137655,0.13766300000000001,0.13767199999999999,0.13767799999999999,0.137687,0.13769500000000001,0.13770099999999999,0.13771,0.13772100000000001,0.13772999999999999,0.137736,0.13774500000000001,0.13775299999999999,0.137762,0.137771,0.13778000000000001,0.13778799999999999,0.13780000000000001,0.13780600000000001,0.13781399999999999,0.137823,0.13783200000000001,0.13784099999999999,0.137849,0.13785800000000001,0.13786699999999999,0.137875,0.137881,0.13789000000000001,0.13789899999999999,0.137907,0.13791600000000001,0.13792499999999999,0.137934,0.13794200000000001,0.13795099999999999,0.13796,0.13796900000000001,0.13797400000000001,0.13798299999999999,0.137992,0.13800000000000001,0.13800899999999999,0.138018,0.13802700000000001,0.13803499999999999,0.138044,0.13805000000000001,0.13805899999999999,0.138067,0.138076,0.13808500000000001,0.13809299999999999,0.138102,0.13810800000000001,0.13811699999999999,0.138125,0.13813400000000001,0.13814299999999999,0.138152,0.13816000000000001,0.13816899999999999,0.13817499999999999,0.138184,0.13819500000000001,0.13820099999999999,0.13821,0.13821800000000001,0.13822699999999999,0.13823299999999999,0.13824500000000001,0.13825000000000001,0.13825899999999999,0.138268,0.13827700000000001,0.13828199999999999,0.138294,0.13830000000000001,0.13830899999999999,0.138317,0.138323,0.13833200000000001,0.13834099999999999,0.138349,0.13835500000000001,0.13836399999999999,0.138373,0.138381,0.13838700000000001,0.13839599999999999,0.138404,0.13841000000000001,0.13842199999999999,0.138431,0.13843900000000001,0.13844799999999999,0.138457,0.138463,0.13847400000000001,0.13847999999999999,0.138492,0.13849700000000001,0.13850899999999999,0.138515,0.13852400000000001,0.13853199999999999,0.138541,0.13855000000000001,0.13855799999999999,0.138567,0.138576,0.13858500000000001,0.13859299999999999,0.138602,0.13861100000000001,0.13861999999999999,0.138625,0.13863400000000001,0.13864299999999999,0.138652,0.13866000000000001,0.13866899999999999,0.138678,0.138683,0.13869200000000001,0.13870099999999999,0.13871,0.13871800000000001,0.13872699999999999,0.138736,0.138742,0.13875000000000001,0.13875899999999999,0.138768,0.13877600000000001,0.13878499999999999,0.138794,0.13880000000000001,0.13880799999999999,0.138817,0.13882900000000001,0.13883499999999999,0.13884299999999999,0.138852,0.13886100000000001,0.13886899999999999,0.138875,0.13888700000000001,0.13889299999999999,0.138901,0.138907,0.13891600000000001,0.13892499999999999,0.138933,0.13893900000000001,0.13894799999999999,0.138957,0.13896500000000001,0.13897399999999999,0.13897999999999999,0.138989,0.13899700000000001,0.13900299999999999,0.139012,0.13902100000000001,0.13902600000000001,0.13903799999999999,0.139044,0.13905300000000001,0.13906099999999999,0.13907,0.13907900000000001,0.13908699999999999,0.139096,0.13910500000000001,0.13911399999999999,0.139122,0.139131,0.13914000000000001,0.13914899999999999,0.139157,0.13916600000000001,0.13917499999999999,0.139183,0.13918900000000001,0.13919799999999999,0.139207,0.13921500000000001,0.13922100000000001,0.13922999999999999,0.139242,0.13924700000000001,0.13925599999999999,0.139265,0.13927300000000001,0.13928199999999999,0.139291,0.13930000000000001,0.13930500000000001,0.139317,0.139323,0.13933499999999999,0.13933999999999999,0.139349,0.13935800000000001,0.13936699999999999,0.139375,0.13938400000000001,0.13939299999999999,0.139401,0.13941000000000001,0.13941600000000001,0.139428,0.139436,0.13944500000000001,0.13945099999999999,0.139462,0.13946800000000001,0.13947999999999999,0.139486,0.139491,0.13950299999999999,0.13950899999999999,0.139518,0.13952600000000001,0.13953499999999999,0.139544,0.13955200000000001,0.13956099999999999,0.13957,0.13957900000000001,0.13958400000000001,0.13959299999999999,0.139602,0.13961100000000001,0.13961899999999999,0.139628,0.13963700000000001,0.13964299999999999,0.139654,0.13966000000000001,0.13966899999999999,0.139677,0.139686,0.13969500000000001,0.13970399999999999,0.139712,0.13972399999999999,0.139733,0.139741,0.13975000000000001,0.13975899999999999,0.139765,0.13977600000000001,0.13978499999999999,0.139794,0.13980200000000001,0.13981099999999999,0.13982,0.13982900000000001,0.13983699999999999,0.139846,0.13985500000000001,0.13986299999999999,0.13986899999999999,0.13988100000000001,0.13988999999999999,0.13989799999999999,0.139904,0.13991600000000001,0.13992199999999999,0.13993,0.13993900000000001,0.13994799999999999,0.139957,0.13996500000000001,0.13997399999999999,0.13997999999999999,0.139991,0.13999700000000001,0.14000599999999999,0.140015,0.14002300000000001,0.14003199999999999,0.140041,0.14005000000000001,0.14005799999999999,0.140067,0.140073,0.14008399999999999,0.14008999999999999,0.140099,0.14010800000000001,0.14011899999999999,0.140125,0.14013400000000001,0.14014299999999999,0.140151,0.14016000000000001,0.14016600000000001,0.14017399999999999,0.140183,0.14018900000000001,0.14020099999999999,0.140206,0.14021500000000001,0.14022399999999999,0.14022999999999999,0.140238,0.14024700000000001,0.14025599999999999,0.140265,0.14027300000000001,0.14028199999999999,0.140291,0.14029900000000001,0.14030799999999999,0.14031399999999999,0.140323,0.14033100000000001,0.14033999999999999,0.140349,0.14035800000000001,0.14036599999999999,0.140375,0.14038100000000001,0.14039199999999999,0.140398,0.14041000000000001,0.14041600000000001,0.14042399999999999,0.140433,0.14044200000000001,0.14045099999999999,0.140456,0.14046500000000001,0.14047399999999999,0.140483,0.140491,0.14049700000000001,0.140509,0.140515,0.14052600000000001,0.14053199999999999,0.140541,0.14054900000000001,0.14055799999999999,0.140567,0.140573,0.14058100000000001,0.14058999999999999,0.140599,0.14060800000000001,0.14061299999999999,0.140622,0.14063100000000001,0.14063899999999999,0.140648,0.140657,0.14066600000000001,0.14067099999999999,0.140683,0.14068900000000001,0.14069799999999999,0.140706,0.14071500000000001,0.14072399999999999,0.140732,0.140741,0.14074700000000001,0.14075599999999999,0.140764,0.14077300000000001,0.14078199999999999,0.140791,0.140796,0.14080500000000001,0.14081399999999999,0.140823,0.14083100000000001,0.14083999999999999,0.140846,0.14085500000000001,0.14086299999999999,0.14086899999999999,0.14088100000000001,0.14088700000000001,0.140898,0.140904,0.14091300000000001,0.14092099999999999,0.14093,0.14093900000000001,0.14094499999999999,0.14095299999999999,0.140962,0.14097100000000001,0.14097999999999999,0.140988,0.14099700000000001,0.14100599999999999,0.141014,0.14102600000000001,0.14103499999999999,0.141044,0.14105200000000001,0.14106099999999999,0.141067,0.14107500000000001,0.14108399999999999,0.141093,0.14110200000000001,0.14110700000000001,0.14111599999999999,0.141125,0.14113100000000001,0.14113899999999999,0.141148,0.141157,0.14116600000000001,0.14117399999999999,0.141183,0.14118900000000001,0.14119799999999999,0.141206,0.14121500000000001,0.14122399999999999,0.141232,0.141238,0.14124700000000001,0.14125599999999999,0.141264,0.14127000000000001,0.14128199999999999,0.141288,0.141296,0.14130499999999999,0.141314,0.141323,0.14133100000000001,0.14133999999999999,0.141349,0.14135700000000001,0.14136599999999999,0.141375,0.14138100000000001,0.14139199999999999,0.141398,0.141407,0.14141599999999999,0.14142399999999999,0.141433,0.14143900000000001,0.14144699999999999,0.141456,0.14146500000000001,0.14147399999999999,0.141482,0.14149100000000001,0.14149700000000001,0.14150599999999999,0.141514,0.14152300000000001,0.14153199999999999,0.14154,0.14154900000000001,0.14155799999999999,0.141564,0.141572,0.14158100000000001,0.14158999999999999,0.141596,0.14160400000000001,0.14161299999999999,0.141622,0.14163100000000001,0.14163899999999999,0.141648,0.14165700000000001,0.14166300000000001,0.14167399999999999,0.14168,0.14168900000000001,0.14169699999999999,0.141706,0.14171500000000001,0.14172399999999999,0.141732,0.14174100000000001,0.14174999999999999,0.141758,0.141767,0.14177600000000001,0.14178199999999999,0.14179,0.14179900000000001,0.14180799999999999,0.141817,0.14182500000000001,0.14183399999999999,0.141843,0.141851,0.14186000000000001,0.141869,0.141875,0.14188300000000001,0.14189199999999999,0.141901,0.14191000000000001,0.14191799999999999,0.14192399999999999,0.141933,0.14194200000000001,0.14194999999999999,0.141959,0.14196500000000001,0.14197399999999999,0.141982,0.14199100000000001,0.14199999999999999,0.142008,0.142017,0.14202600000000001,0.14203199999999999,0.142043,0.14204900000000001,0.14205799999999999,0.142067,0.14207500000000001,0.14208100000000001,0.14208999999999999,0.142099,0.14210700000000001,0.14211599999999999,0.142125,0.14213300000000001,0.14214199999999999,0.142151,0.14216000000000001,0.14216500000000001,0.14217399999999999,0.142183,0.14219200000000001,0.14219999999999999,0.142206,0.14221500000000001,0.14222399999999999,0.142232,0.14224100000000001,0.14224999999999999,0.142258,0.142264,0.14227300000000001,0.14228199999999999,0.14229,0.14229900000000001,0.14230799999999999,0.142317,0.142322,0.14233100000000001,0.14233999999999999,0.142348,0.14235700000000001,0.14236599999999999,0.142375,0.14238000000000001,0.14239199999999999,0.142398,0.14240700000000001,0.14241500000000001,0.142424,0.142433,0.14243900000000001,0.14244699999999999,0.142456,0.14246500000000001,0.14247299999999999,0.142482,0.14249100000000001,0.14249999999999999,0.142508,0.142517,0.14252600000000001,0.142535,0.142543,0.14254900000000001,0.14255799999999999,0.142567,0.14257500000000001,0.14258399999999999,0.14258999999999999,0.142598,0.14260700000000001,0.14261599999999999,0.142625,0.14263300000000001,0.14264199999999999,0.142648,0.14265700000000001,0.14266499999999999,0.142674,0.142683,0.14269100000000001,0.14269999999999999,0.142709,0.14271500000000001,0.14272599999999999,0.142732,0.14274100000000001,0.14274999999999999,0.142758,0.14276700000000001,0.14277599999999999,0.14278199999999999,0.142793,0.14279900000000001,0.14280499999999999,0.142814,0.142822,0.14283399999999999,0.14283999999999999,0.142848,0.14285700000000001,0.14286599999999999,0.142875,0.14288300000000001,0.14289199999999999,0.142898,0.14290700000000001,0.14291499999999999,0.142924,0.142933,0.14294100000000001,0.14294999999999999,0.142959,0.14296500000000001,0.14297299999999999,0.142982,0.14299100000000001,0.14299999999999999,0.14300499999999999,0.143014,0.14302300000000001,0.14303099999999999,0.14304,0.14304900000000001,0.14305799999999999,0.143066,0.14307500000000001,0.14308399999999999,0.143093,0.14310100000000001,0.14310700000000001,0.14311599999999999,0.143124,0.14313300000000001,0.14314199999999999,0.143148,0.14315600000000001,0.14316499999999999,0.14317099999999999,0.143183,0.14318800000000001,0.14319699999999999,0.143206,0.14321500000000001,0.14322299999999999,0.143232,0.143238,0.14324700000000001,0.143258,0.143264,0.14327300000000001,0.14328099999999999,0.14329,0.14329900000000001,0.14330499999999999,0.143313,0.143322,0.14333099999999999,0.14334,0.143348,0.14335700000000001,0.14336599999999999,0.143374,0.14338300000000001,0.14339199999999999,0.143398,0.14340900000000001,0.14341499999999999,0.143424,0.143433,0.14344100000000001,0.14344999999999999,0.143459,0.14346700000000001,0.14347599999999999,0.143485,0.14349400000000001,0.14350199999999999,0.143508,0.14352000000000001,0.14352799999999999,0.143537,0.14354600000000001,0.14355499999999999,0.14355999999999999,0.143569,0.14357800000000001,0.14358699999999999,0.143595,0.14360400000000001,0.14361299999999999,0.143619,0.14363000000000001,0.14363600000000001,0.14364499999999999,0.143654,0.14365900000000001,0.14366799999999999,0.143677,0.14368500000000001,0.14369399999999999,0.143703,0.14371200000000001,0.14371999999999999,0.143729,0.143735,0.14374400000000001,0.14375199999999999,0.143761,0.14377000000000001,0.14377599999999999,0.143784,0.143793,0.14379900000000001,0.14380799999999999,0.143816,0.14382500000000001,0.14383399999999999,0.143842,0.14385100000000001,0.14385999999999999,0.143869,0.143877,0.14388300000000001,0.14389199999999999,0.143901,0.14390900000000001,0.14391799999999999,0.143927,0.14393300000000001,0.14394399999999999,0.14394999999999999,0.143959,0.14396700000000001,0.14397599999999999,0.143985,0.14399400000000001,0.14400199999999999,0.144011,0.14401700000000001,0.14402599999999999,0.144034,0.144043,0.14405200000000001,0.14405999999999999,0.144069,0.14407500000000001,0.14408399999999999,0.144092,0.14410100000000001,0.14410700000000001,0.14411599999999999,0.14412700000000001,0.14413300000000001,0.14414199999999999,0.14415,0.14415900000000001,0.14416799999999999,0.144174,0.144182,0.14419399999999999,0.14419999999999999,0.144209,0.14421700000000001,0.14422599999999999,0.144235,0.14424300000000001,0.14425199999999999,0.144258,0.14426700000000001,0.14427499999999999,0.144284,0.144293,0.14429900000000001,0.14430699999999999,0.144316,0.14432500000000001,0.14433399999999999,0.144342,0.14435100000000001,0.14435999999999999,0.144368,0.14437700000000001,0.14438599999999999,0.144395,0.144403,0.14440900000000001,0.14441799999999999,0.144427,0.14443500000000001,0.14444399999999999,0.14445,0.14446100000000001,0.14446700000000001,0.144479,0.144485,0.14449300000000001,0.14450199999999999,0.144511,0.14452000000000001,0.14452499999999999,0.144537,0.144543,0.14455200000000001,0.14455999999999999,0.144566,0.14457500000000001,0.14458399999999999,0.144592,0.14460100000000001,0.14460700000000001,0.14461599999999999,0.144624,0.14463300000000001,0.14464199999999999,0.14465,0.14465900000000001,0.14466499999999999,0.144674,0.14468200000000001,0.14468800000000001,0.14469699999999999,0.144706,0.14471400000000001,0.14472299999999999,0.144729,0.14473800000000001,0.14474600000000001,0.14475499999999999,0.144764,0.14477000000000001,0.14477799999999999,0.144787,0.14479900000000001,0.14480399999999999,0.144816,0.14482200000000001,0.14482800000000001,0.14483599999999999,0.144845,0.14485400000000001,0.14486499999999999,0.144871,0.14488000000000001,0.14488899999999999,0.144897,0.14490600000000001,0.14491499999999999,0.144924,0.14493200000000001,0.14494099999999999,0.14495,0.144958,0.14496700000000001,0.14497299999999999,0.144985,0.14499000000000001,0.14499899999999999,0.145008,0.14501700000000001,0.14502499999999999,0.14503099999999999,0.14504,0.14504900000000001,0.14505399999999999,0.145066,0.14507200000000001,0.14508099999999999,0.145089,0.145098,0.14510700000000001,0.14511499999999999,0.145124,0.14513300000000001,0.14514199999999999,0.14515,0.14515900000000001,0.14516799999999999,0.145176,0.14518500000000001,0.14519399999999999,0.1452,0.145208,0.14521700000000001,0.14522599999999999,0.145235,0.14524300000000001,0.14524899999999999,0.145258,0.14526700000000001,0.14527499999999999,0.14528099999999999,0.14529300000000001,0.14529900000000001,0.14530999999999999,0.145316,0.14532500000000001,0.14533299999999999,0.145342,0.14535100000000001,0.14535699999999999,0.14536499999999999,0.145374,0.14538300000000001,0.14539199999999999,0.145397,0.14540900000000001,0.14541499999999999,0.145426,0.14543200000000001,0.14544099999999999,0.14545,0.145455,0.14546700000000001,0.14547299999999999,0.145482,0.14549000000000001,0.14549899999999999,0.145505,0.14551600000000001,0.14552200000000001,0.14553099999999999,0.14554,0.14554800000000001,0.14555699999999999,0.145566,0.14557200000000001,0.14558299999999999,0.145592,0.14560100000000001,0.14560699999999999,0.14561499999999999,0.145624,0.14563300000000001,0.14564099999999999,0.14565,0.14565600000000001,0.14566799999999999,0.145673,0.14568200000000001,0.14569099999999999,0.14569699999999999,0.145705,0.14571400000000001,0.14572299999999999,0.145732,0.14574000000000001,0.14574599999999999,0.145755,0.145764,0.14577200000000001,0.14578099999999999,0.14579,0.14579800000000001,0.14580699999999999,0.145816,0.14582500000000001,0.14583299999999999,0.145839,0.14584800000000001,0.14585699999999999,0.14586499999999999,0.145874,0.14588300000000001,0.14588899999999999,0.145897,0.14590600000000001,0.14591499999999999,0.145923,0.14593200000000001,0.14593800000000001,0.14595,0.145955,0.14596400000000001,0.14597299999999999,0.145984,0.14599000000000001,0.14599899999999999,0.146008,0.14601600000000001,0.14602499999999999,0.14603099999999999,0.14604300000000001,0.14604800000000001,0.14606,0.146066,0.14607500000000001,0.14608299999999999,0.146092,0.14610100000000001,0.14610699999999999,0.14611499999999999,0.146124,0.14613300000000001,0.14614099999999999,0.14615,0.14615900000000001,0.14616799999999999,0.146176,0.14618200000000001,0.14619099999999999,0.1462,0.146208,0.14621700000000001,0.14622599999999999,0.146231,0.14624000000000001,0.14625199999999999,0.146258,0.14626600000000001,0.14627499999999999,0.146284,0.14629,0.14629800000000001,0.14631,0.146316,0.14632500000000001,0.14633299999999999,0.146342,0.14635100000000001,0.14635899999999999,0.146368,0.146374,0.14638599999999999,0.14639099999999999,0.1464,0.14640900000000001,0.14641799999999999,0.146426,0.14643200000000001,0.14644099999999999,0.146449,0.146455,0.14646400000000001,0.14647299999999999,0.146481,0.14648700000000001,0.14649599999999999,0.14650199999999999,0.14651,0.14651900000000001,0.14652799999999999,0.146534,0.14654200000000001,0.14655099999999999,0.14656,0.146569,0.14657700000000001,0.14658299999999999,0.146592,0.14660100000000001,0.14660899999999999,0.146618,0.14662700000000001,0.14663499999999999,0.146644,0.14665300000000001,0.14665900000000001,0.14666699999999999,0.146676,0.14668500000000001,0.14669399999999999,0.146702,0.14671100000000001,0.14671999999999999,0.146728,0.146734,0.14674300000000001,0.14675199999999999,0.14676,0.14676900000000001,0.14677499999999999,0.146787,0.14679200000000001,0.14680099999999999,0.14681,0.14681900000000001,0.14682700000000001,0.14683299999999999,0.146842,0.14685100000000001,0.14685899999999999,0.146868,0.14687700000000001,0.14688499999999999,0.146894,0.14690300000000001,0.14691199999999999,0.14692,0.146929,0.14693800000000001,0.14694599999999999,0.146952,0.14696100000000001,0.14697299999999999,0.146978,0.14698700000000001,0.14699899999999999,0.147007,0.147013,0.14702200000000001,0.147031,0.147039,0.14704800000000001,0.14705699999999999,0.147066,0.14707400000000001,0.14708299999999999,0.147089,0.14710100000000001,0.14710899999999999,0.147115,0.147124,0.14713200000000001,0.14714099999999999,0.14715,0.14715600000000001,0.14716399999999999,0.147173,0.14718200000000001,0.14719099999999999,0.147199,0.147205,0.14721400000000001,0.14722299999999999,0.147231,0.14724000000000001,0.14724899999999999,0.147257,0.14726300000000001,0.14727199999999999,0.147281,0.147289,0.14729800000000001,0.14730399999999999,0.147316,0.14732100000000001,0.14733299999999999,0.147339,0.14735000000000001,0.14735599999999999,0.147365,0.147374,0.14738200000000001,0.14739099999999999,0.1474,0.14740900000000001,0.14741699999999999,0.147423,0.14743500000000001,0.14744099999999999,0.147449,0.14745800000000001,0.14746699999999999,0.14747299999999999,0.147484,0.14749000000000001,0.14749899999999999,0.147507,0.14751600000000001,0.14752499999999999,0.147531,0.14754200000000001,0.14755099999999999,0.14756,0.147566,0.14757400000000001,0.14758299999999999,0.147592,0.14760000000000001,0.14760899999999999,0.147618,0.14762700000000001,0.14763499999999999,0.147644,0.14765,0.14765900000000001,0.14766699999999999,0.147676,0.14768500000000001,0.14769299999999999,0.147699,0.14770800000000001,0.14771699999999999,0.14772199999999999,0.147731,0.14774000000000001,0.14774899999999999,0.147757,0.14776600000000001,0.14777499999999999,0.147784,0.14779200000000001,0.14780099999999999,0.14781,0.147816,0.14782699999999999,0.14783299999999999,0.147842,0.14785000000000001,0.14785899999999999,0.147868,0.14787700000000001,0.14788200000000001,0.14789099999999999,0.147897,0.14790600000000001,0.14791399999999999,0.147923,0.14793200000000001,0.14793999999999999,0.147949,0.14795800000000001,0.14796699999999999,0.147975,0.147984,0.14799000000000001,0.14799899999999999,0.148007,0.14801600000000001,0.14802499999999999,0.148033,0.148039,0.14804800000000001,0.14805399999999999,0.148065,0.14807100000000001,0.14807999999999999,0.148089,0.14809700000000001,0.14810599999999999,0.148115,0.14812400000000001,0.14813200000000001,0.14814099999999999,0.14815,0.14815800000000001,0.14816399999999999,0.148173,0.14818200000000001,0.14818999999999999,0.148199,0.14820800000000001,0.14821699999999999,0.148225,0.148231,0.14824000000000001,0.14825099999999999,0.148257,0.14826600000000001,0.14827499999999999,0.148283,0.14829200000000001,0.14829800000000001,0.14831,0.14831800000000001,0.14832699999999999,0.14833299999999999,0.148342,0.14835000000000001,0.14835899999999999,0.148368,0.14837600000000001,0.14838199999999999,0.148391,0.1484,0.14840800000000001,0.14841399999999999,0.148426,0.14843500000000001,0.14843999999999999,0.148449,0.14845800000000001,0.14846699999999999,0.148475,0.148484,0.14849000000000001,0.14849799999999999,0.148507,0.14851600000000001,0.14852199999999999,0.14853,0.14854200000000001,0.14854800000000001,0.14855699999999999,0.148565,0.14857400000000001,0.14858299999999999,0.148592,0.14860000000000001,0.14860899999999999,0.148615,0.14862300000000001,0.14863199999999999,0.148641,0.14865,0.14865800000000001,0.14866399999999999,0.148673,0.14868200000000001,0.14868999999999999,0.148699,0.14870800000000001,0.14871599999999999,0.148725,0.14873400000000001,0.14874000000000001,0.14874799999999999,0.148757,0.14876600000000001,0.14877499999999999,0.148783,0.14879200000000001,0.14879800000000001,0.14881,0.148815,0.14882400000000001,0.14883299999999999,0.148839,0.14884700000000001,0.14885599999999999,0.14886199999999999,0.14887300000000001,0.14888199999999999,0.148891,0.1489,0.14890800000000001,0.14891699999999999,0.148926,0.14893200000000001,0.14893999999999999,0.148949,0.148955,0.14896400000000001,0.14897199999999999,0.148981,0.14898700000000001,0.14899599999999999,0.149004,0.14901300000000001,0.14902199999999999,0.14903,0.149036,0.14904500000000001,0.14905399999999999,0.149062,0.14907100000000001,0.14907999999999999,0.149088,0.149094,0.14910300000000001,0.14911199999999999,0.14912,0.14912900000000001,0.14913799999999999,0.149147,0.14915200000000001,0.14916099999999999,0.14917,0.14917900000000001,0.14918699999999999,0.149196,0.149205,0.14921400000000001,0.14922199999999999,0.149228,0.14924000000000001,0.14924499999999999,0.149257,0.14926600000000001,0.14927199999999999,0.14928,0.14928900000000001,0.14929799999999999,0.14930599999999999,0.149315,0.14932400000000001,0.14933299999999999,0.149341,0.14935000000000001,0.14935599999999999,0.149365,0.14937300000000001,0.14938199999999999,0.14938799999999999,0.149397,0.14940500000000001,0.14941399999999999,0.14942,0.14942900000000001,0.14943699999999999,0.149446,0.149455,0.14946100000000001,0.14947199999999999,0.149481,0.14949000000000001,0.14949799999999999,0.149507,0.14951300000000001,0.14952199999999999,0.14953,0.14954200000000001,0.14954799999999999,0.14955599999999999,0.149565,0.14957400000000001,0.14958299999999999,0.149588,0.14960000000000001,0.14960899999999999,0.149617,0.14962300000000001,0.14963199999999999,0.149641,0.149649,0.14965500000000001,0.14966399999999999,0.149673,0.14968100000000001,0.14968999999999999,0.149699,0.149705,0.14971599999999999,0.14972199999999999,0.149731,0.14974000000000001,0.14974799999999999,0.149757,0.14976600000000001,0.14977399999999999,0.149783,0.14978900000000001,0.14979799999999999,0.14980599999999999,0.149815,0.14982100000000001,0.14982999999999999,0.149838,0.14985000000000001,0.14985899999999999,0.149865,0.14987300000000001,0.14988199999999999,0.149891,0.149899,0.14990800000000001,0.14991399999999999,0.149923,0.14993100000000001,0.14993999999999999,0.149949,0.14995800000000001,0.14996599999999999,0.149975,0.14998400000000001,0.14999000000000001,0.150001,0.150007,0.15001600000000001,0.15002399999999999,0.150033,0.15004200000000001,0.15004799999999999,0.15005599999999999,0.150065,0.15007100000000001,0.15008299999999999,0.150088,0.15010000000000001,0.15010599999999999,0.150114,0.15012300000000001,0.15013199999999999,0.150141,0.150146,0.15015800000000001,0.15016699999999999,0.150175,0.15018400000000001,0.15019299999999999,0.150202,0.15021000000000001,0.15021599999999999,0.150225,0.15023400000000001,0.15024199999999999,0.15024799999999999,0.150257,0.15026600000000001,0.15027399999999999,0.150283,0.15029200000000001,0.15029799999999999,0.150306,0.150315,0.15032400000000001,0.15033199999999999,0.150341,0.15035000000000001,0.15035599999999999,0.150367,0.15037300000000001,0.15038199999999999,0.15038799999999999,0.150396,0.15040500000000001,0.15041399999999999,0.150423,0.15043100000000001,0.15043999999999999,0.150449,0.15045500000000001,0.15046300000000001,0.15047199999999999,0.150478,0.15048700000000001,0.15049499999999999,0.150504,0.15051300000000001,0.15052099999999999,0.15053,0.15053900000000001,0.15054799999999999,0.15055299999999999,0.150562,0.15057100000000001,0.15057999999999999,0.150588,0.15059700000000001,0.15060599999999999,0.150612,0.15062,0.15062900000000001,0.15063799999999999,0.150646,0.15065500000000001,0.15066099999999999,0.15067,0.15068100000000001,0.15068699999999999,0.150696,0.150704,0.15071300000000001,0.15072199999999999,0.150731,0.15073900000000001,0.15074499999999999,0.150757,0.15076300000000001,0.15077099999999999,0.15078,0.15078900000000001,0.15079799999999999,0.150806,0.150815,0.15082400000000001,0.15083199999999999,0.150838,0.15084700000000001,0.15085599999999999,0.150864,0.15087300000000001,0.15087900000000001,0.15088799999999999,0.150896,0.15090799999999999,0.15091399999999999,0.150922,0.15093100000000001,0.15093999999999999,0.150949,0.15095700000000001,0.15096599999999999,0.150975,0.15098300000000001,0.15099199999999999,0.15099799999999999,0.151007,0.15101300000000001,0.15102399999999999,0.15103,0.15103900000000001,0.15104699999999999,0.151056,0.151065,0.15107100000000001,0.15107899999999999,0.151088,0.15109700000000001,0.15110599999999999,0.151114,0.15112300000000001,0.15113199999999999,0.15114,0.15114900000000001,0.15115799999999999,0.151167,0.151172,0.15118100000000001,0.15118999999999999,0.151199,0.15120700000000001,0.15121599999999999,0.151225,0.15123300000000001,0.15123900000000001,0.15124799999999999,0.151257,0.15126500000000001,0.15127399999999999,0.151283,0.15128900000000001,0.15129699999999999,0.151306,0.15131500000000001,0.15132399999999999,0.15133199999999999,0.151338,0.15135000000000001,0.15135599999999999,0.151364,0.15137300000000001,0.15138199999999999,0.15139,0.15139900000000001,0.15140500000000001,0.151417,0.151425,0.15143100000000001,0.15143999999999999,0.151449,0.15145700000000001,0.15146599999999999,0.151472,0.15148300000000001,0.15148900000000001,0.15149799999999999,0.151507,0.15151500000000001,0.15152099999999999,0.151533,0.15154200000000001,0.15154999999999999,0.151559,0.15156800000000001,0.15157399999999999,0.15158199999999999,0.151591,0.15160000000000001,0.15160799999999999,0.151617,0.15162300000000001,0.15162900000000001,0.15164,0.151646,0.15165500000000001,0.15166399999999999,0.151669,0.15167800000000001,0.15168699999999999,0.151696,0.151701,0.15171000000000001,0.15171599999999999,0.151728,0.15173300000000001,0.15174199999999999,0.151751,0.151757,0.15176500000000001,0.15177399999999999,0.15178,0.15178900000000001,0.15179699999999999,0.151806,0.15181500000000001,0.15182300000000001,0.15183199999999999,0.151841,0.15184700000000001,0.15185499999999999,0.151864,0.15187300000000001,0.15188199999999999,0.15189,0.15189900000000001,0.15190500000000001,0.15191399999999999,0.151922,0.15193100000000001,0.15193699999999999,0.151948,0.15195400000000001,0.15196599999999999,0.151972,0.15198,0.15198900000000001,0.15199499999999999,0.152007,0.15201200000000001,0.15202399999999999,0.15203,0.15203900000000001,0.15204699999999999,0.152056,0.15206500000000001,0.15207100000000001,0.15207899999999999,0.152088,0.15210000000000001,0.15210799999999999,0.152114,0.15212300000000001,0.15213399999999999,0.15214,0.15214900000000001,0.15215799999999999,0.152166,0.152175,0.15218100000000001,0.15218999999999999,0.152198,0.15220700000000001,0.15221299999999999,0.152222,0.15223300000000001,0.15223900000000001,0.15224799999999999,0.152257,0.15226500000000001,0.15227399999999999,0.15228,0.15228800000000001,0.15229699999999999,0.15230299999999999,0.152312,0.15232000000000001,0.15232899999999999,0.152335,0.15234400000000001,0.15235199999999999,0.152361,0.152367,0.15237600000000001,0.15238399999999999,0.152396,0.15240200000000001,0.15241099999999999,0.152419,0.15242800000000001,0.15243699999999999,0.152445,0.15245400000000001,0.15246299999999999,0.152472,0.152477,0.15248600000000001,0.15249499999999999,0.152504,0.15251200000000001,0.15252099999999999,0.15253,0.15253800000000001,0.15254699999999999,0.152556,0.152562,0.15257000000000001,0.15257899999999999,0.152588,0.15259700000000001,0.15260199999999999,0.152611,0.15262000000000001,0.15262899999999999,0.15263699999999999,0.152646,0.15265500000000001,0.15266299999999999,0.152672,0.15267800000000001,0.15268699999999999,0.152695,0.15270400000000001,0.15271299999999999,0.15271899999999999,0.152727,0.15273600000000001,0.15274499999999999,0.152754,0.15276200000000001,0.15277099999999999,0.15278,0.15278800000000001,0.15279699999999999,0.152806,0.15281500000000001,0.15282000000000001,0.15282899999999999,0.152838,0.15284700000000001,0.15285499999999999,0.152864,0.15287300000000001,0.15287899999999999,0.15289,0.152896,0.15290500000000001,0.15291299999999999,0.152919,0.15293100000000001,0.15293699999999999,0.152945,0.15295400000000001,0.15296299999999999,0.15296899999999999,0.152977,0.15298300000000001,0.15299199999999999,0.153001,0.15300900000000001,0.15301500000000001,0.15302399999999999,0.153033,0.15303800000000001,0.15304699999999999,0.153056,0.15306500000000001,0.15307299999999999,0.15307899999999999,0.153088,0.15309900000000001,0.15310499999999999,0.153111,0.15312000000000001,0.15312799999999999,0.153137,0.153146,0.15315500000000001,0.15316299999999999,0.153172,0.15318100000000001,0.15318899999999999,0.153198,0.15320400000000001,0.15321299999999999,0.153221,0.15323000000000001,0.15323899999999999,0.15324499999999999,0.153256,0.15326200000000001,0.15327099999999999,0.15328,0.153285,0.15329400000000001,0.15330299999999999,0.153312,0.15332000000000001,0.15332899999999999,0.153338,0.15334400000000001,0.15335199999999999,0.153361,0.15337000000000001,0.15337799999999999,0.15339,0.153396,0.15340500000000001,0.15341299999999999,0.153422,0.15343100000000001,0.15343899999999999,0.153448,0.15345700000000001,0.15346599999999999,0.153471,0.15348000000000001,0.15348899999999999,0.153498,0.153503,0.15351200000000001,0.15352099999999999,0.15353,0.15353800000000001,0.15354699999999999,0.153556,0.15356400000000001,0.15357000000000001,0.15357899999999999,0.153588,0.15359600000000001,0.15360499999999999,0.153614,0.15362300000000001,0.15362799999999999,0.153637,0.153646,0.15365500000000001,0.15365999999999999,0.153669,0.15367800000000001,0.15368599999999999,0.153695,0.15370400000000001,0.15371299999999999,0.153721,0.15373000000000001,0.15373899999999999,0.15374499999999999,0.153753,0.15376200000000001,0.15377099999999999,0.15378,0.15378800000000001,0.15379699999999999,0.153806,0.15381400000000001,0.15382299999999999,0.153832,0.15384100000000001,0.15384900000000001,0.15385499999999999,0.153867,0.15387300000000001,0.15388099999999999,0.15389,0.15389900000000001,0.15390699999999999,0.15391299999999999,0.153922,0.15393100000000001,0.15393899999999999,0.153948,0.15395700000000001,0.15396299999999999,0.153971,0.15398000000000001,0.15398899999999999,0.153997,0.154006,0.15401500000000001,0.15402399999999999,0.154029,0.15404100000000001,0.15404699999999999,0.154056,0.15406400000000001,0.15407000000000001,0.15407899999999999,0.154088,0.15409600000000001,0.15410499999999999,0.154114,0.15412200000000001,0.15413099999999999,0.15414,0.15414600000000001,0.15415400000000001,0.15416299999999999,0.154172,0.15418100000000001,0.15418899999999999,0.154198,0.15420700000000001,0.15421499999999999,0.154221,0.15423000000000001,0.15423899999999999,0.154247,0.154256,0.15426200000000001,0.15427399999999999,0.154279,0.15428800000000001,0.15429699999999999,0.154306,0.15431400000000001,0.15432000000000001,0.15432899999999999,0.154338,0.15434300000000001,0.15435499999999999,0.154361,0.15437000000000001,0.15437799999999999,0.154387,0.15439600000000001,0.15440100000000001,0.15440999999999999,0.154419,0.15442800000000001,0.15443299999999999,0.154442,0.154451,0.15445999999999999,0.15446799999999999,0.154477,0.15448600000000001,0.15449499999999999,0.154503,0.15451200000000001,0.15451799999999999,0.154526,0.15453500000000001,0.15454399999999999,0.154553,0.154561,0.15457000000000001,0.15457899999999999,0.154587,0.15459300000000001,0.15460199999999999,0.154611,0.15461900000000001,0.15462799999999999,0.154637,0.154643,0.15465400000000001,0.15466299999999999,0.154672,0.15467800000000001,0.15468599999999999,0.154695,0.15470400000000001,0.15471199999999999,0.154721,0.15473000000000001,0.15473899999999999,0.15474399999999999,0.154753,0.15476200000000001,0.15476799999999999,0.154776,0.15478500000000001,0.15479399999999999,0.154803,0.154811,0.15482000000000001,0.15482899999999999,0.154837,0.15484600000000001,0.15485499999999999,0.154861,0.15486900000000001,0.15487799999999999,0.154887,0.15489600000000001,0.15490399999999999,0.154913,0.154919,0.15492800000000001,0.15493599999999999,0.154945,0.15495400000000001,0.15495999999999999,0.15496799999999999,0.154977,0.15498600000000001,0.15499399999999999,0.155003,0.15501200000000001,0.15502099999999999,0.155029,0.15503800000000001,0.15504699999999999,0.155055,0.15506400000000001,0.15507299999999999,0.155082,0.155087,0.15509600000000001,0.15510499999999999,0.155114,0.15512200000000001,0.15512799999999999,0.15514,0.15514600000000001,0.15515399999999999,0.155163,0.155172,0.15518000000000001,0.15518899999999999,0.155198,0.15520400000000001,0.15521499999999999,0.155221,0.15523000000000001,0.15523899999999999,0.155247,0.155253,0.15526200000000001,0.15527099999999999,0.155279,0.15528800000000001,0.15529699999999999,0.155305,0.15531400000000001,0.15532299999999999,0.15532899999999999,0.155337,0.15534600000000001,0.15535499999999999,0.155361,0.15536900000000001,0.15537799999999999,0.155387,0.15539500000000001,0.15540100000000001,0.15540999999999999,0.155419,0.15542700000000001,0.15543599999999999,0.155445,0.15545400000000001,0.15546199999999999,0.155471,0.155477,0.15548899999999999,0.15549399999999999,0.155503,0.15551200000000001,0.15551999999999999,0.155526,0.15553500000000001,0.15554399999999999,0.155552,0.155561,0.15557000000000001,0.155579,0.155587,0.15559600000000001,0.15560499999999999,0.155611,0.15562200000000001,0.15563099999999999,0.155637,0.15564500000000001,0.15565399999999999,0.155663,0.155669,0.15568000000000001,0.15568899999999999,0.155695,0.15570400000000001,0.15571199999999999,0.155721,0.15573000000000001,0.15573799999999999,0.155747,0.15575600000000001,0.15576499999999999,0.15577299999999999,0.155782,0.15579100000000001,0.15579899999999999,0.155805,0.15581400000000001,0.15582299999999999,0.155831,0.15584000000000001,0.15584899999999999,0.15585499999999999,0.155866,0.15587200000000001,0.15588099999999999,0.15589,0.15589800000000001,0.15590699999999999,0.155916,0.15592400000000001,0.15593299999999999,0.155942,0.15595100000000001,0.15595899999999999,0.15596499999999999,0.155977,0.15598300000000001,0.15599099999999999,0.156,0.15600900000000001,0.15601699999999999,0.156026,0.15603500000000001,0.15604699999999999,0.156052,0.15606100000000001,0.15606999999999999,0.15607799999999999,0.156087,0.15609600000000001,0.15610499999999999,0.15611,0.15611900000000001,0.15612799999999999,0.156137,0.15614500000000001,0.15615399999999999,0.156163,0.15617200000000001,0.15618000000000001,0.15618599999999999,0.156198,0.15620300000000001,0.15621199999999999,0.156221,0.15623000000000001,0.15623799999999999,0.156247,0.15625600000000001,0.15626200000000001,0.15626999999999999,0.156279,0.15628800000000001,0.15629599999999999,0.156302,0.15631100000000001,0.15631999999999999,0.15632799999999999,0.156337,0.15634600000000001,0.15635199999999999,0.15636,0.15636900000000001,0.15637799999999999,0.156384,0.156392,0.15640100000000001,0.15640999999999999,0.156416,0.15642400000000001,0.15643299999999999,0.156442,0.15645100000000001,0.15645899999999999,0.15646499999999999,0.156477,0.15648500000000001,0.15649099999999999,0.1565,0.15650900000000001,0.15651699999999999,0.156526,0.15653500000000001,0.15654399999999999,0.156552,0.15656100000000001,0.15656999999999999,0.15657799999999999,0.156587,0.15659600000000001,0.15660499999999999,0.15661,0.15661900000000001,0.15662799999999999,0.156637,0.15664500000000001,0.15665100000000001,0.15665999999999999,0.156668,0.15667700000000001,0.15668599999999999,0.156695,0.15670300000000001,0.15671199999999999,0.156721,0.15673000000000001,0.15673799999999999,0.156747,0.15675600000000001,0.15676399999999999,0.156773,0.156779,0.15678800000000001,0.15679599999999999,0.156802,0.15681100000000001,0.15681999999999999,0.15682499999999999,0.156834,0.15684300000000001,0.15685199999999999,0.15686,0.15686600000000001,0.15687499999999999,0.156884,0.156889,0.15689800000000001,0.15690699999999999,0.156916,0.156921,0.15692999999999999,0.156939,0.156948,0.15695300000000001,0.15696199999999999,0.156971,0.15698200000000001,0.15698799999999999,0.156997,0.15700600000000001,0.15701100000000001,0.15701999999999999,0.157029,0.15703500000000001,0.15704299999999999,0.157052,0.15706100000000001,0.15706999999999999,0.157078,0.157087,0.15709600000000001,0.15710399999999999,0.157113,0.15711900000000001,0.15712799999999999,0.157136,0.15714500000000001,0.15715399999999999,0.157163,0.157168,0.15717999999999999,0.15718599999999999,0.157197,0.15720300000000001,0.15721199999999999,0.157221,0.15722900000000001,0.15723799999999999,0.15724399999999999,0.15725600000000001,0.15726399999999999,0.157273,0.157279,0.15728800000000001,0.15729599999999999,0.157305,0.15731400000000001,0.15731999999999999,0.157328,0.157337,0.15734300000000001,0.15735199999999999,0.157363,0.15737200000000001,0.15738099999999999,0.157389,0.15739500000000001,0.15740699999999999,0.157413,0.15742400000000001,0.15742999999999999,0.157439,0.157447,0.15745300000000001,0.15746199999999999,0.157471,0.15747900000000001,0.15748799999999999,0.157497,0.15750600000000001,0.15751100000000001,0.15751999999999999,0.157529,0.15753800000000001,0.15754599999999999,0.157555,0.15756400000000001,0.15757199999999999,0.157581,0.157587,0.15759600000000001,0.15760399999999999,0.157613,0.15761900000000001,0.15762799999999999,0.157636,0.15764500000000001,0.15765699999999999,0.157665,0.15767400000000001,0.15767999999999999,0.157692,0.157697,0.15770899999999999,0.15771499999999999,0.157724,0.15773200000000001,0.15774099999999999,0.15775,0.15775800000000001,0.15776699999999999,0.157776,0.15778200000000001,0.15779000000000001,0.15779899999999999,0.157808,0.15781700000000001,0.15782499999999999,0.157834,0.15784300000000001,0.15785099999999999,0.15786,0.15786900000000001,0.15787799999999999,0.157883,0.157892,0.15790100000000001,0.15790699999999999,0.157918,0.15792400000000001,0.15793299999999999,0.157941,0.15795000000000001,0.15795899999999999,0.157968,0.15797600000000001,0.15798499999999999,0.157994,0.158003,0.15801100000000001,0.15801999999999999,0.158029,0.15803700000000001,0.15804299999999999,0.158055,0.15806100000000001,0.15806899999999999,0.158078,0.15808700000000001,0.15809599999999999,0.15810399999999999,0.158113,0.15812200000000001,0.15812799999999999,0.158136,0.15814500000000001,0.15815399999999999,0.15816,0.158168,0.15817700000000001,0.15818599999999999,0.158194,0.15820300000000001,0.15821199999999999,0.158221,0.15822600000000001,0.15823499999999999,0.158244,0.158252,0.15826100000000001,0.15826699999999999,0.158276,0.15828400000000001,0.15829299999999999,0.158302,0.15831100000000001,0.15831899999999999,0.15832499999999999,0.158334,0.15834300000000001,0.15835099999999999,0.15836,0.15836900000000001,0.15837499999999999,0.158383,0.15839500000000001,0.15840099999999999,0.158412,0.15842100000000001,0.15842999999999999,0.158439,0.158444,0.15845300000000001,0.15846199999999999,0.158471,0.15847900000000001,0.15848799999999999,0.158497,0.15850500000000001,0.15851399999999999,0.158523,0.158529,0.15853700000000001,0.15854599999999999,0.158555,0.15856300000000001,0.15857199999999999,0.158581,0.15859000000000001,0.15859799999999999,0.15860399999999999,0.158613,0.15862200000000001,0.15862999999999999,0.158639,0.15864500000000001,0.15865399999999999,0.158662,0.158668,0.15867999999999999,0.158688,0.158697,0.15870300000000001,0.15871199999999999,0.15872,0.15872900000000001,0.15873799999999999,0.158744,0.158752,0.15876100000000001,0.15876999999999999,0.158779,0.15878700000000001,0.15879299999999999,0.158802,0.15881100000000001,0.15881899999999999,0.158828,0.15883700000000001,0.15884499999999999,0.158854,0.15886,0.15886900000000001,0.15887699999999999,0.158883,0.15889200000000001,0.15890099999999999,0.15890899999999999,0.158918,0.15892400000000001,0.15893299999999999,0.158941,0.15895000000000001,0.15895899999999999,0.158965,0.158973,0.15898200000000001,0.15898799999999999,0.158997,0.15900500000000001,0.15901399999999999,0.159023,0.159029,0.15903700000000001,0.15904299999999999,0.159052,0.15906000000000001,0.15906899999999999,0.159078,0.15908700000000001,0.15909799999999999,0.159104,0.159113,0.15912200000000001,0.15912999999999999,0.159139,0.15914800000000001,0.15915399999999999,0.159162,0.15917100000000001,0.15917999999999999,0.159188,0.15919700000000001,0.15920300000000001,0.15921199999999999,0.15922,0.15922900000000001,0.15923799999999999,0.159247,0.15925500000000001,0.15926100000000001,0.15926999999999999,0.159278,0.15928700000000001,0.15929599999999999,0.159305,0.15931300000000001,0.15931899999999999,0.159328,0.15933700000000001,0.15934499999999999,0.159354,0.159363,0.15937100000000001,0.15937999999999999,0.159389,0.15939500000000001,0.15940299999999999,0.159412,0.15942100000000001,0.15942999999999999,0.159438,0.15944700000000001,0.15945599999999999,0.15946199999999999,0.15947,0.15947900000000001,0.15948799999999999,0.159494,0.159502,0.15951099999999999,0.15952,0.159528,0.15953700000000001,0.15954599999999999,0.159555,0.15956000000000001,0.15956899999999999,0.159578,0.15958700000000001,0.15959499999999999,0.159604,0.159613,0.15962100000000001,0.15962699999999999,0.159636,0.15964500000000001,0.15965299999999999,0.159662,0.15967100000000001,0.15967999999999999,0.15968499999999999,0.159694,0.15970300000000001,0.15971199999999999,0.159717,0.15972900000000001,0.15973799999999999,0.159746,0.15975500000000001,0.15976399999999999,0.15977,0.159778,0.15978700000000001,0.15979599999999999,0.159805,0.15981300000000001,0.15982199999999999,0.159831,0.15983700000000001,0.15984799999999999,0.159854,0.15986600000000001,0.15987100000000001,0.15987999999999999,0.159889,0.15989500000000001,0.15990299999999999,0.159912,0.15992100000000001,0.15992700000000001,0.15993499999999999,0.15994700000000001,0.15995599999999999,0.159964,0.159973,0.15998200000000001,0.15999099999999999,0.159999,0.16000800000000001,0.16001399999999999,0.160023,0.16003100000000001,0.16003999999999999,0.16004599999999999,0.160055,0.16006300000000001,0.16007199999999999,0.160081,0.16008900000000001,0.16009799999999999,0.160104,0.16011300000000001,0.16012100000000001,0.16012999999999999,0.160139,0.16014500000000001,0.16015599999999999,0.160162,0.16017100000000001,0.16017899999999999,0.160188,0.16019700000000001,0.16020300000000001,0.16021099999999999,0.16022,0.16023200000000001,0.16023799999999999,0.160243,0.16025200000000001,0.16026099999999999,0.16027,0.16028100000000001,0.16028700000000001,0.16029599999999999,0.160304,0.16031300000000001,0.16032199999999999,0.160331,0.16033900000000001,0.16034799999999999,0.160354,0.16036300000000001,0.16037100000000001,0.16037699999999999,0.160386,0.16039500000000001,0.16039999999999999,0.160412,0.16042100000000001,0.16042899999999999,0.16043499999999999,0.160444,0.16045300000000001,0.16046099999999999,0.16047,0.16047900000000001,0.16048799999999999,0.160496,0.16050500000000001,0.16051099999999999,0.16052,0.160528,0.16053700000000001,0.16054599999999999,0.160552,0.16056300000000001,0.16056899999999999,0.160578,0.16058600000000001,0.16059200000000001,0.160604,0.16061,0.16061800000000001,0.16062699999999999,0.160633,0.16064200000000001,0.16064999999999999,0.160659,0.16066800000000001,0.16067600000000001,0.16068499999999999,0.160694,0.16070300000000001,0.16070799999999999,0.160717,0.16072600000000001,0.16073499999999999,0.160743,0.16075200000000001,0.16076099999999999,0.160769,0.160778,0.16078400000000001,0.16079299999999999,0.160801,0.16081000000000001,0.16081899999999999,0.160828,0.16083600000000001,0.16084499999999999,0.160854,0.160862,0.16087099999999999,0.16088,0.160889,0.16089700000000001,0.16090299999999999,0.160912,0.16092100000000001,0.16092899999999999,0.160938,0.16094700000000001,0.16095599999999999,0.16096099999999999,0.16097,0.16098199999999999,0.16098699999999999,0.160996,0.16100500000000001,0.16101399999999999,0.161019,0.161028,0.16103700000000001,0.16104599999999999,0.161054,0.16106300000000001,0.16107199999999999,0.161078,0.16108900000000001,0.16109799999999999,0.161104,0.16111500000000001,0.16112099999999999,0.16113,0.161139,0.16114700000000001,0.16115599999999999,0.161162,0.16117300000000001,0.16117899999999999,0.161191,0.16119700000000001,0.16120499999999999,0.16121099999999999,0.16122,0.16123199999999999,0.16123699999999999,0.161246,0.16125500000000001,0.16126399999999999,0.161272,0.161278,0.16128700000000001,0.16129599999999999,0.161304,0.16131300000000001,0.16132199999999999,0.161328,0.16133900000000001,0.16134499999999999,0.161354,0.16136200000000001,0.16137099999999999,0.16138,0.161386,0.16139400000000001,0.16140299999999999,0.161412,0.16142100000000001,0.16142899999999999,0.161438,0.16144700000000001,0.16145300000000001,0.16146099999999999,0.16147,0.16147900000000001,0.16148699999999999,0.161496,0.16150500000000001,0.16151399999999999,0.161519,0.161528,0.16153699999999999,0.161546,0.161554,0.16156300000000001,0.16157199999999999,0.16158,0.16158900000000001,0.16159799999999999,0.161607,0.16161500000000001,0.16162399999999999,0.161633,0.16164100000000001,0.16164999999999999,0.16165599999999999,0.16166800000000001,0.16167300000000001,0.16168199999999999,0.161691,0.16170000000000001,0.16170799999999999,0.161714,0.16172300000000001,0.16173100000000001,0.16173999999999999,0.161749,0.16175500000000001,0.16176599999999999,0.161772,0.16178400000000001,0.16178999999999999,0.161801,0.16180700000000001,0.16181599999999999,0.16182199999999999,0.16183,0.16183900000000001,0.16184799999999999,0.161857,0.16186500000000001,0.16187399999999999,0.16188,0.161888,0.16189700000000001,0.16190599999999999,0.16191800000000001,0.16192300000000001,0.16193199999999999,0.161941,0.16195000000000001,0.16195799999999999,0.161967,0.16197600000000001,0.16198100000000001,0.161993,0.161999,0.16201099999999999,0.16201599999999999,0.162025,0.16203400000000001,0.16204199999999999,0.162048,0.16205700000000001,0.16206599999999999,0.162074,0.162083,0.16209200000000001,0.162101,0.162109,0.16211500000000001,0.16212399999999999,0.162133,0.162138,0.16214999999999999,0.16215599999999999,0.162162,0.16217300000000001,0.16217899999999999,0.162188,0.16219700000000001,0.16220499999999999,0.162214,0.16222300000000001,0.16223099999999999,0.16223699999999999,0.162246,0.16225500000000001,0.16226299999999999,0.162272,0.16228100000000001,0.16228999999999999,0.162298,0.16230700000000001,0.16231599999999999,0.162324,0.16233300000000001,0.16234199999999999,0.162351,0.162359,0.16236500000000001,0.16237399999999999,0.162383,0.16239400000000001,0.16239999999999999,0.162409,0.16241700000000001,0.16242599999999999,0.162435,0.16244400000000001,0.16245200000000001,0.16246099999999999,0.16247,0.16247600000000001,0.16248399999999999,0.162493,0.16250200000000001,0.16250999999999999,0.16251599999999999,0.162525,0.16253400000000001,0.16254199999999999,0.162551,0.16256000000000001,0.16256899999999999,0.162574,0.16258300000000001,0.16259199999999999,0.162601,0.162606,0.16261500000000001,0.16262399999999999,0.162633,0.16264100000000001,0.16264999999999999,0.162659,0.16266700000000001,0.16267599999999999,0.162685,0.16269400000000001,0.16269900000000001,0.16271099999999999,0.16272,0.16272600000000001,0.16273399999999999,0.162743,0.16275200000000001,0.16275999999999999,0.162769,0.16277800000000001,0.16278400000000001,0.16278899999999999,0.162801,0.16280700000000001,0.16281599999999999,0.162824,0.16283300000000001,0.16284199999999999,0.16284999999999999,0.162859,0.16286500000000001,0.16287399999999999,0.162882,0.16289100000000001,0.16289999999999999,0.162909,0.16291700000000001,0.16292599999999999,0.162935,0.162943,0.16295200000000001,0.16295799999999999,0.16297,0.16297800000000001,0.16298699999999999,0.162996,0.16300500000000001,0.16301299999999999,0.163022,0.16302800000000001,0.16303899999999999,0.163045,0.16305700000000001,0.16306300000000001,0.16307099999999999,0.16308,0.16308900000000001,0.16309799999999999,0.163103,0.16311200000000001,0.16312099999999999,0.163129,0.16313800000000001,0.16314400000000001,0.163156,0.163161,0.16317000000000001,0.16317899999999999,0.163188,0.16319600000000001,0.16320499999999999,0.163214,0.16322300000000001,0.16323099999999999,0.16324,0.16324900000000001,0.16325400000000001,0.16326299999999999,0.163272,0.16328100000000001,0.16328599999999999,0.163295,0.163304,0.16331300000000001,0.16332099999999999,0.16333,0.16333600000000001,0.16334499999999999,0.163353,0.16336200000000001,0.16337099999999999,0.163379,0.16338800000000001,0.16339400000000001,0.16340299999999999,0.163411,0.16342000000000001,0.16342899999999999,0.163438,0.163443,0.16345499999999999,0.163461,0.16347,0.16347800000000001,0.16348699999999999,0.163496,0.16350400000000001,0.16351599999999999,0.163522,0.16353400000000001,0.16353899999999999,0.163551,0.16356000000000001,0.16356799999999999,0.163574,0.16358600000000001,0.16359499999999999,0.163603,0.16361200000000001,0.16362099999999999,0.16362699999999999,0.16363800000000001,0.16364699999999999,0.163656,0.163664,0.16367300000000001,0.16368199999999999,0.16369,0.16369900000000001,0.16370799999999999,0.163717,0.16372500000000001,0.16373099999999999,0.163743,0.16374900000000001,0.16375999999999999,0.16376599999999999,0.163775,0.16378300000000001,0.16379199999999999,0.163798,0.16380700000000001,0.16381799999999999,0.163824,0.16383300000000001,0.16384199999999999,0.16385,0.163859,0.16386800000000001,0.16387599999999999,0.163885,0.16389400000000001,0.16389999999999999,0.163908,0.16391700000000001,0.16392899999999999,0.163935,0.16394,0.16395199999999999,0.16395799999999999,0.163967,0.16397500000000001,0.16398399999999999,0.163993,0.16400100000000001,0.16400699999999999,0.164016,0.164025,0.16403300000000001,0.16403899999999999,0.164048,0.16405400000000001,0.16406200000000001,0.164074,0.16408,0.16408900000000001,0.16409699999999999,0.164106,0.16411500000000001,0.16412399999999999,0.164132,0.16414100000000001,0.16414699999999999,0.164155,0.164164,0.16417300000000001,0.16418199999999999,0.16419,0.16419900000000001,0.16420799999999999,0.164217,0.16422500000000001,0.16423099999999999,0.164243,0.16425100000000001,0.16425699999999999,0.164266,0.164275,0.16428300000000001,0.16429199999999999,0.164298,0.16430700000000001,0.16431499999999999,0.164324,0.16433300000000001,0.16434099999999999,0.16434699999999999,0.164356,0.16436500000000001,0.16437099999999999,0.164379,0.16438800000000001,0.16439999999999999,0.164405,0.16441700000000001,0.16442300000000001,0.16443199999999999,0.16444,0.16444600000000001,0.16445799999999999,0.164464,0.16447500000000001,0.16448399999999999,0.16449,0.16449800000000001,0.16450699999999999,0.164516,0.164525,0.16453300000000001,0.16453899999999999,0.164548,0.16455700000000001,0.16456499999999999,0.164574,0.16458,0.16458900000000001,0.16459699999999999,0.164606,0.16461500000000001,0.16462299999999999,0.164629,0.16463800000000001,0.16464699999999999,0.164655,0.164664,0.16467300000000001,0.164682,0.164687,0.16469600000000001,0.16470499999999999,0.164714,0.16472200000000001,0.16473099999999999,0.16473699999999999,0.164745,0.16475400000000001,0.16476299999999999,0.164769,0.16477700000000001,0.16478599999999999,0.164795,0.16480400000000001,0.16481199999999999,0.164821,0.16483,0.16483800000000001,0.16484699999999999,0.164856,0.16486500000000001,0.16487599999999999,0.164882,0.16489100000000001,0.16489899999999999,0.164908,0.16491700000000001,0.16492299999999999,0.16493099999999999,0.16494300000000001,0.16494900000000001,0.16495799999999999,0.164966,0.16497500000000001,0.16498399999999999,0.16499,0.16499800000000001,0.16500999999999999,0.165016,0.165024,0.16503300000000001,0.16504199999999999,0.165048,0.16505600000000001,0.16506499999999999,0.165074,0.16508300000000001,0.16509099999999999,0.16509699999999999,0.165106,0.16511500000000001,0.16512299999999999,0.165132,0.16514100000000001,0.16514899999999999,0.165155,0.16516700000000001,0.16517599999999999,0.165184,0.16519,0.16519900000000001,0.16520799999999999,0.165216,0.16522500000000001,0.16523099999999999,0.16524,0.16524800000000001,0.16525400000000001,0.16526299999999999,0.165272,0.16528000000000001,0.16528899999999999,0.165298,0.16530600000000001,0.16531499999999999,0.165324,0.16533,0.16533800000000001,0.16534699999999999,0.165356,0.16536500000000001,0.16537299999999999,0.165382,0.16539100000000001,0.16539699999999999,0.165405,0.16541400000000001,0.16542299999999999,0.16543099999999999,0.16544,0.16544900000000001,0.16545799999999999,0.165466,0.16547500000000001,0.16548099999999999,0.165492,0.16549800000000001,0.16550699999999999,0.165516,0.165524,0.16553300000000001,0.16554199999999999,0.165551,0.16555900000000001,0.16556799999999999,0.165574,0.16558500000000001,0.16559099999999999,0.1656,0.16560900000000001,0.16561699999999999,0.165626,0.165635,0.16564100000000001,0.16564899999999999,0.165658,0.16566400000000001,0.16567299999999999,0.16568099999999999,0.16569,0.16569900000000001,0.16570799999999999,0.165716,0.16572500000000001,0.16573099999999999,0.165742,0.16574800000000001,0.16575999999999999,0.165766,0.165774,0.16578300000000001,0.16579199999999999,0.165798,0.16580600000000001,0.16581499999999999,0.165824,0.16583300000000001,0.16584099999999999,0.16584699999999999,0.165856,0.16586400000000001,0.16587299999999999,0.165882,0.16589100000000001,0.16589899999999999,0.165908,0.16591700000000001,0.16592299999999999,0.165931,0.16594,0.16594900000000001,0.16595699999999999,0.165966,0.16597500000000001,0.16598099999999999,0.165992,0.16600100000000001,0.16600699999999999,0.166016,0.166024,0.16603000000000001,0.16603899999999999,0.166048,0.16605600000000001,0.16606499999999999,0.166074,0.16608000000000001,0.16609099999999999,0.16609699999999999,0.166106,0.16611400000000001,0.16612299999999999,0.166132,0.16614100000000001,0.16614599999999999,0.166155,0.16616400000000001,0.16617299999999999,0.166181,0.16619,0.16619900000000001,0.16620699999999999,0.166216,0.16622500000000001,0.16623399999999999,0.166242,0.16625100000000001,0.16625699999999999,0.166268,0.16627400000000001,0.16628299999999999,0.166292,0.1663,0.16630600000000001,0.16631799999999999,0.166324,0.16633200000000001,0.16634099999999999,0.16635,0.166356,0.16636400000000001,0.16637299999999999,0.166382,0.16639100000000001,0.16639899999999999,0.166408,0.16641700000000001,0.16642499999999999,0.166434,0.16644,0.16644900000000001,0.16645699999999999,0.166466,0.16647500000000001,0.16648099999999999,0.166492,0.16649800000000001,0.16650699999999999,0.166515,0.16652400000000001,0.16653299999999999,0.16653899999999999,0.166547,0.16655600000000001,0.16656499999999999,0.166574,0.16658200000000001,0.16659099999999999,0.166597,0.166606,0.16661400000000001,0.16662299999999999,0.166632,0.16664000000000001,0.16664899999999999,0.166655,0.16666700000000001,0.16667199999999999,0.166684,0.16669,0.16669900000000001,0.16670699999999999,0.166716,0.16672500000000001,0.16673099999999999,0.166742,0.16674800000000001,0.16675699999999999,0.166765,0.166771,0.16678000000000001,0.16678899999999999,0.166797,0.16680600000000001,0.16681199999999999,0.166824,0.16682900000000001,0.16684099999999999,0.166847,0.166856,0.16686400000000001,0.16687299999999999,0.166882,0.16689000000000001,0.16689899999999999,0.166905,0.16691700000000001,0.16692199999999999,0.166934,0.16694000000000001,0.16694899999999999,0.16695399999999999,0.166963,0.16697200000000001,0.16698099999999999,0.166989,0.16699800000000001,0.16700699999999999,0.167015,0.167021,0.16703000000000001,0.16703899999999999,0.167044,0.16705300000000001,0.16706199999999999,0.167071,0.16707900000000001,0.16709099999999999,0.1671,0.16710800000000001,0.16711699999999999,0.167126,0.167132,0.16714300000000001,0.16714899999999999,0.167158,0.16716700000000001,0.16717499999999999,0.167181,0.16719000000000001,0.16719800000000001,0.16720699999999999,0.167216,0.16722500000000001,0.16723299999999999,0.167242,0.16724800000000001,0.16725999999999999,0.167265,0.16727400000000001,0.16728299999999999,0.167292,0.1673,0.16730900000000001,0.16731499999999999,0.167323,0.16733200000000001,0.16734099999999999,0.16735,0.16735800000000001,0.16736699999999999,0.167376,0.167382,0.16739299999999999,0.16739899999999999,0.167411,0.16741600000000001,0.16742499999999999,0.167434,0.16744300000000001,0.16745099999999999,0.16745699999999999,0.167466,0.16747500000000001,0.16748299999999999,0.167492,0.16749800000000001,0.16750999999999999,0.167515,0.16752400000000001,0.16753299999999999,0.167541,0.16755,0.16755900000000001,0.16756799999999999,0.167573,0.16758200000000001,0.16759099999999999,0.1676,0.16760800000000001,0.16761699999999999,0.167626,0.16763500000000001,0.16764299999999999,0.16764899999999999,0.167658,0.16766600000000001,0.16767499999999999,0.167684,0.16769300000000001,0.16770099999999999,0.16770699999999999,0.167716,0.16772500000000001,0.16773299999999999,0.167742,0.16775100000000001,0.16775899999999999,0.167768,0.16777700000000001,0.16778599999999999,0.167794,0.1678,0.16781199999999999,0.16781799999999999,0.167826,0.16783500000000001,0.16784399999999999,0.167852,0.16785800000000001,0.16786699999999999,0.167876,0.16788400000000001,0.16789299999999999,0.16789899999999999,0.167911,0.16791600000000001,0.16792499999999999,0.167934,0.16794300000000001,0.16795099999999999,0.16796,0.16796900000000001,0.16797500000000001,0.167986,0.167992,0.16800100000000001,0.16800899999999999,0.168018,0.16802400000000001,0.16803299999999999,0.168041,0.16805,0.16805899999999999,0.168068,0.168076,0.16808500000000001,0.16809099999999999,0.1681,0.16810800000000001,0.16811699999999999,0.168126,0.16813400000000001,0.16814299999999999,0.16814899999999999,0.168161,0.16816600000000001,0.16817499999999999,0.168184,0.16819000000000001,0.16820099999999999,0.168207,0.16821900000000001,0.16822400000000001,0.16823299999999999,0.168242,0.16825100000000001,0.16825899999999999,0.168265,0.16827400000000001,0.16828299999999999,0.168291,0.16830000000000001,0.16830899999999999,0.168318,0.168323,0.16833200000000001,0.16834099999999999,0.168349,0.16835800000000001,0.16836699999999999,0.168376,0.168381,0.16839000000000001,0.16839899999999999,0.168408,0.16841600000000001,0.16842199999999999,0.168434,0.16844000000000001,0.16844799999999999,0.168457,0.168466,0.16847400000000001,0.16847999999999999,0.168492,0.16849800000000001,0.16850599999999999,0.168515,0.168521,0.16853000000000001,0.16853799999999999,0.168547,0.16855600000000001,0.16856499999999999,0.168573,0.16858200000000001,0.16858799999999999,0.168599,0.16860800000000001,0.16861699999999999,0.168626,0.168631,0.16864000000000001,0.16864899999999999,0.168658,0.16866600000000001,0.16867799999999999,0.168684,0.16869200000000001,0.16870099999999999,0.16871,0.16871900000000001,0.16872400000000001,0.16873299999999999,0.168742,0.16875100000000001,0.16875899999999999,0.168768,0.16877700000000001,0.16878299999999999,0.168791,0.16880000000000001,0.16880600000000001,0.16881699999999999,0.168823,0.16883200000000001,0.16884099999999999,0.168849,0.16885800000000001,0.16886399999999999,0.168873,0.168881,0.16889000000000001,0.16889899999999999,0.168907,0.16891600000000001,0.16892499999999999,0.168934,0.16894200000000001,0.16895099999999999,0.168957,0.16896900000000001,0.16897699999999999,0.16898299999999999,0.168992,0.16899800000000001,0.16900899999999999,0.169015,0.16902400000000001,0.16903199999999999,0.169041,0.16905000000000001,0.16905899999999999,0.16906399999999999,0.169073,0.16908200000000001,0.16909099999999999,0.169099,0.16910800000000001,0.16911399999999999,0.169123,0.169131,0.16914000000000001,0.16914899999999999,0.169157,0.16916600000000001,0.16917199999999999,0.169181,0.16918900000000001,0.16920099999999999,0.169207,0.16921600000000001,0.16922400000000001,0.16923299999999999,0.169242,0.16925000000000001,0.16925899999999999,0.169268,0.16927700000000001,0.16928199999999999,0.169294,0.16930300000000001,0.16931099999999999,0.169317,0.169326,0.16933500000000001,0.16934099999999999,0.169352,0.16936100000000001,0.16936699999999999,0.169375,0.16938400000000001,0.16939299999999999,0.169402,0.16941000000000001,0.16941899999999999,0.169428,0.169436,0.16944500000000001,0.16945399999999999,0.169463,0.16947100000000001,0.16947999999999999,0.169486,0.16949800000000001,0.16950299999999999,0.169512,0.16952100000000001,0.16952900000000001,0.16953799999999999,0.169547,0.16955300000000001,0.16956099999999999,0.169567,0.169576,0.16958500000000001,0.16959299999999999,0.169602,0.16961100000000001,0.16961999999999999,0.169625,0.16963400000000001,0.16964299999999999,0.169652,0.16966000000000001,0.16966899999999999,0.169678,0.169686,0.16969500000000001,0.16970099999999999,0.16971,0.16971800000000001,0.16972699999999999,0.169736,0.169742,0.16975299999999999,0.16975899999999999,0.169768,0.16977700000000001,0.16978199999999999,0.169791,0.16980000000000001,0.16980899999999999,0.169817,0.169826,0.16983200000000001,0.16983999999999999,0.169849,0.16985800000000001,0.16986699999999999,0.169875,0.16988400000000001,0.16989299999999999,0.16989899999999999,0.16991000000000001,0.16991600000000001,0.16992499999999999,0.169933,0.16993900000000001,0.16994799999999999,0.169957,0.169965,0.16997399999999999,0.169983,0.169992,0.17000000000000001,0.17000899999999999,0.170015,0.17002400000000001,0.17003199999999999,0.170041,0.17005000000000001,0.17005600000000001,0.17006399999999999,0.170073,0.17007900000000001,0.17008999999999999,0.170099,0.17010800000000001,0.17011699999999999,0.170125,0.17013400000000001,0.17014299999999999,0.17014899999999999,0.170157,0.17016600000000001,0.17017199999999999,0.170183,0.17018900000000001,0.17019799999999999,0.170207,0.17021500000000001,0.17022399999999999,0.170233,0.170242,0.17025000000000001,0.17025899999999999,0.170265,0.17027600000000001,0.17028199999999999,0.170294,0.17030000000000001,0.17030799999999999,0.170317,0.170323,0.17033200000000001,0.17033999999999999,0.170349,0.17035800000000001,0.17036699999999999,0.170375,0.17038400000000001,0.17039299999999999,0.17039899999999999,0.17041000000000001,0.17041600000000001,0.17042499999999999,0.170433,0.17043900000000001,0.17045099999999999,0.170457,0.17046500000000001,0.17047399999999999,0.17047999999999999,0.170489,0.17049700000000001,0.17050599999999999,0.170515,0.17052300000000001,0.17053199999999999,0.170538,0.170547,0.17055500000000001,0.17056399999999999,0.170573,0.17057900000000001,0.17058699999999999,0.170596,0.17060800000000001,0.17061399999999999,0.170622,0.170631,0.17063700000000001,0.17064599999999999,0.170654,0.17066300000000001,0.17067199999999999,0.17068,0.17068900000000001,0.17069799999999999,0.170707,0.17071500000000001,0.17072399999999999,0.17072999999999999,0.170739,0.17074700000000001,0.17075599999999999,0.170765,0.17077100000000001,0.17078199999999999,0.170788,0.17080000000000001,0.17080500000000001,0.170817,0.17082600000000001,0.17083200000000001,0.17083999999999999,0.170849,0.17085800000000001,0.17086599999999999,0.170875,0.17088100000000001,0.17088999999999999,0.17089799999999999,0.170907,0.17091600000000001,0.17092499999999999,0.170933,0.17094200000000001,0.17095099999999999,0.170957,0.17096500000000001,0.17097399999999999,0.170983,0.170991,0.17100000000000001,0.17100899999999999,0.171015,0.17102300000000001,0.17103199999999999,0.171041,0.17105000000000001,0.17105799999999999,0.17106399999999999,0.171073,0.17108100000000001,0.17108999999999999,0.171099,0.17110800000000001,0.17111399999999999,0.171122,0.17113100000000001,0.17113999999999999,0.17114799999999999,0.171157,0.17116600000000001,0.17117499999999999,0.171183,0.17118900000000001,0.17119799999999999,0.171204,0.171212,0.17122100000000001,0.171233,0.171241,0.17124700000000001,0.17125899999999999,0.171265,0.17127600000000001,0.17128199999999999,0.171291,0.17130000000000001,0.17130799999999999,0.171317,0.17132600000000001,0.17133100000000001,0.17133999999999999,0.171349,0.17135800000000001,0.17136599999999999,0.171375,0.17138400000000001,0.17139299999999999,0.17139799999999999,0.171407,0.17141600000000001,0.17142399999999999,0.171433,0.17143900000000001,0.17145099999999999,0.171459,0.17146500000000001,0.17147399999999999,0.171483,0.171491,0.17150000000000001,0.17150899999999999,0.171518,0.17152600000000001,0.17153199999999999,0.171541,0.17154900000000001,0.17155799999999999,0.171567,0.17157600000000001,0.17158399999999999,0.171593,0.171602,0.17160800000000001,0.17161599999999999,0.171625,0.17163400000000001,0.17164199999999999,0.171651,0.17166000000000001,0.17166600000000001,0.171677,0.171683,0.17169200000000001,0.17170099999999999,0.171709,0.17171800000000001,0.17172699999999999,0.171735,0.17174400000000001,0.17175000000000001,0.171759,0.171767,0.17177600000000001,0.17178499999999999,0.171794,0.17180200000000001,0.17181099999999999,0.171817,0.17182800000000001,0.17183399999999999,0.171843,0.171852,0.17185800000000001,0.17186599999999999,0.171875,0.17188400000000001,0.17189199999999999,0.171898,0.171907,0.17191600000000001,0.17192399999999999,0.171933,0.17193900000000001,0.17194799999999999,0.171956,0.17196800000000001,0.17197399999999999,0.171983,0.17199400000000001,0.17200299999999999,0.172009,0.172017,0.17202600000000001,0.17203199999999999,0.172041,0.17204900000000001,0.17205799999999999,0.172067,0.17207600000000001,0.17208399999999999,0.172093,0.172102,0.17210800000000001,0.17211599999999999,0.172125,0.17213400000000001,0.17214199999999999,0.172151,0.172157,0.17216600000000001,0.17217399999999999,0.172183,0.17218900000000001,0.17219799999999999,0.172206,0.17221500000000001,0.17222399999999999,0.172232,0.172238,0.17224700000000001,0.17225599999999999,0.172264,0.17227300000000001,0.17228199999999999,0.172288,0.17229900000000001,0.17230500000000001,0.17231399999999999,0.172323,0.17233100000000001,0.17233999999999999,0.172349,0.17235700000000001,0.17236599999999999,0.172375,0.17238400000000001,0.17239199999999999,0.172398,0.172407,0.17241600000000001,0.17242399999999999,0.172433,0.17244200000000001,0.17244999999999999,0.172456,0.17246500000000001,0.17247399999999999,0.172482,0.172488,0.17249700000000001,0.17250599999999999,0.172514,0.17252300000000001,0.17253199999999999,0.172541,0.17254900000000001,0.17255799999999999,0.172567,0.17257500000000001,0.17258399999999999,0.17258999999999999,0.17260200000000001,0.17260700000000001,0.17261599999999999,0.172625,0.17263400000000001,0.17264199999999999,0.172651,0.17266000000000001,0.17266799999999999,0.172677,0.172683,0.17269200000000001,0.17269999999999999,0.172709,0.17271800000000001,0.17272399999999999,0.172732,0.17274100000000001,0.17274999999999999,0.172759,0.172764,0.17277300000000001,0.17278199999999999,0.17279,0.17279600000000001,0.17280499999999999,0.172814,0.172822,0.17282800000000001,0.17283399999999999,0.172846,0.17285200000000001,0.17286000000000001,0.17286899999999999,0.172878,0.17288600000000001,0.17289499999999999,0.172904,0.17291300000000001,0.17291799999999999,0.172927,0.17293600000000001,0.17294499999999999,0.172953,0.172962,0.17297100000000001,0.17297899999999999,0.172985,0.17299100000000001,0.17299999999999999,0.173009,0.173017,0.17302600000000001,0.17303499999999999,0.173043,0.17304900000000001,0.17306099999999999,0.17307,0.17307800000000001,0.17308399999999999,0.173093,0.173101,0.17311000000000001,0.173119,0.173128,0.17313600000000001,0.17314499999999999,0.173151,0.17316000000000001,0.17316500000000001,0.173177,0.173183,0.17319200000000001,0.17319999999999999,0.173209,0.17321800000000001,0.17322399999999999,0.173232,0.17324100000000001,0.17325299999999999,0.173258,0.173267,0.17327600000000001,0.17328499999999999,0.173293,0.17330200000000001,0.17331099999999999,0.17332,0.17332800000000001,0.17333699999999999,0.173346,0.17335400000000001,0.17336299999999999,0.173372,0.17338100000000001,0.17338600000000001,0.17339499999999999,0.173404,0.17341200000000001,0.17342099999999999,0.173427,0.17343900000000001,0.17344399999999999,0.173456,0.17346500000000001,0.17347299999999999,0.17347899999999999,0.173488,0.17349700000000001,0.17350499999999999,0.173514,0.17352000000000001,0.17352899999999999,0.173537,0.173543,0.17355499999999999,0.173564,0.173569,0.17357800000000001,0.17358999999999999,0.173596,0.17360400000000001,0.17361299999999999,0.173619,0.173628,0.17363600000000001,0.17364499999999999,0.173654,0.17366200000000001,0.17367099999999999,0.17368,0.17368900000000001,0.17369699999999999,0.173703,0.17371500000000001,0.17372099999999999,0.17372899999999999,0.173738,0.17374700000000001,0.17375299999999999,0.173761,0.17377000000000001,0.17378199999999999,0.173787,0.17379600000000001,0.17380499999999999,0.173814,0.173822,0.17383100000000001,0.17383999999999999,0.173848,0.17385700000000001,0.17386299999999999,0.173875,0.17388000000000001,0.17389199999999999,0.173898,0.17390700000000001,0.17391499999999999,0.173924,0.173933,0.17394100000000001,0.17394999999999999,0.173959,0.17396500000000001,0.17397299999999999,0.173982,0.17399100000000001,0.17399999999999999,0.174008,0.17401700000000001,0.17402599999999999,0.17403199999999999,0.17404,0.17404900000000001,0.17405799999999999,0.174066,0.17407500000000001,0.17408399999999999,0.17408999999999999,0.174098,0.17410700000000001,0.17411599999999999,0.174125,0.17413300000000001,0.17414199999999999,0.174148,0.17415700000000001,0.17416499999999999,0.174174,0.174183,0.17418900000000001,0.17419699999999999,0.174203,0.17421200000000001,0.17422000000000001,0.17422899999999999,0.174235,0.17424400000000001,0.17425199999999999,0.174261,0.17427000000000001,0.17427599999999999,0.17428399999999999,0.17429,0.17429900000000001,0.17430799999999999,0.174316,0.17432500000000001,0.17433399999999999,0.174343,0.17435100000000001,0.17435999999999999,0.174369,0.174377,0.17438600000000001,0.17439199999999999,0.174401,0.17440900000000001,0.17441799999999999,0.174427,0.17443600000000001,0.17444399999999999,0.17444999999999999,0.174459,0.17446700000000001,0.17447599999999999,0.174485,0.17449400000000001,0.17450199999999999,0.174508,0.17451700000000001,0.17452599999999999,0.17453099999999999,0.174543,0.17454900000000001,0.17455799999999999,0.174566,0.17457500000000001,0.17458099999999999,0.17459,0.174598,0.17460700000000001,0.17461599999999999,0.174624,0.17463300000000001,0.17464199999999999,0.174648,0.17465600000000001,0.17466499999999999,0.174674,0.174683,0.17469100000000001,0.17469999999999999,0.174706,0.17471500000000001,0.17472299999999999,0.174732,0.17474100000000001,0.17474899999999999,0.174758,0.17476700000000001,0.17477599999999999,0.17478399999999999,0.174793,0.17480200000000001,0.17480999999999999,0.174819,0.17482800000000001,0.17483399999999999,0.174842,0.17485100000000001,0.17485700000000001,0.17486599999999999,0.174874,0.17488300000000001,0.17488899999999999,0.174898,0.17490600000000001,0.17491499999999999,0.174924,0.17493300000000001,0.17493800000000001,0.17494999999999999,0.174956,0.17496700000000001,0.17497299999999999,0.174985,0.17499100000000001,0.17500199999999999,0.175008,0.17501700000000001,0.17502599999999999,0.175034,0.175043,0.17504900000000001,0.17505999999999999,0.175066,0.17507500000000001,0.17508399999999999,0.175092,0.17510100000000001,0.17510999999999999,0.175119,0.175127,0.17513599999999999,0.175145,0.175153,0.17516200000000001,0.17517099999999999,0.17518,0.17518800000000001,0.17519699999999999,0.175206,0.17521200000000001,0.17522299999999999,0.175229,0.175238,0.17524899999999999,0.175258,0.17526700000000001,0.17527599999999999,0.175284,0.17529,0.17529900000000001,0.17530699999999999,0.175316,0.17532500000000001,0.17533399999999999,0.17533899999999999,0.175348,0.17535700000000001,0.175369,0.175374,0.17538300000000001,0.17539199999999999,0.175398,0.17540600000000001,0.17541799999999999,0.175424,0.175432,0.17543800000000001,0.17544699999999999,0.175453,0.175459,0.17546700000000001,0.17547299999999999,0.175482,0.17549100000000001,0.17549899999999999,0.17550499999999999,0.175514,0.17552300000000001,0.17553099999999999,0.175537,0.17554600000000001,0.17555399999999999,0.175563,0.17557200000000001,0.17558099999999999,0.175589,0.175598,0.17560700000000001,0.17561599999999999,0.175624,0.17563000000000001,0.17563899999999999,0.175648,0.17565600000000001,0.17566200000000001,0.17567099999999999,0.175679,0.17568800000000001,0.17569699999999999,0.175706,0.17571700000000001,0.17572299999999999,0.175732,0.17574100000000001,0.17574600000000001,0.17575499999999999,0.175764,0.17577000000000001,0.17578099999999999,0.17579,0.17579900000000001,0.17580399999999999,0.175813,0.17582200000000001,0.17583099999999999,0.175839,0.175848,0.17585700000000001,0.17586299999999999,0.175874,0.17588000000000001,0.17588899999999999,0.175897,0.175903,0.17591499999999999,0.17592099999999999,0.175929,0.17593800000000001,0.17594699999999999,0.175956,0.17596400000000001,0.17597299999999999,0.175982,0.17599000000000001,0.17599899999999999,0.176008,0.17601700000000001,0.17602200000000001,0.17603099999999999,0.17604,0.17604900000000001,0.17605699999999999,0.176066,0.17607200000000001,0.17608099999999999,0.176089,0.176095,0.17610400000000001,0.17611299999999999,0.176121,0.17613000000000001,0.17613599999999999,0.176145,0.176153,0.17616200000000001,0.17617099999999999,0.176179,0.17618800000000001,0.17619699999999999,0.176203,0.17621100000000001,0.17621999999999999,0.176229,0.17623800000000001,0.17624600000000001,0.176255,0.176261,0.17627000000000001,0.17627799999999999,0.176287,0.17629600000000001,0.17630399999999999,0.176313,0.17632200000000001,0.17632800000000001,0.17633599999999999,0.176345,0.17635400000000001,0.17636499999999999,0.176371,0.17638000000000001,0.17638899999999999,0.176397,0.176403,0.17641499999999999,0.17642099999999999,0.176429,0.17643800000000001,0.17644399999999999,0.176453,0.17646100000000001,0.17646999999999999,0.176479,0.176485,0.17649599999999999,0.176505,0.176511,0.17651900000000001,0.17652799999999999,0.176537,0.17654600000000001,0.17655399999999999,0.176563,0.17657200000000001,0.17658099999999999,0.176589,0.176598,0.17660400000000001,0.17661199999999999,0.176621,0.17663000000000001,0.17663899999999999,0.176644,0.17665600000000001,0.17666499999999999,0.17667099999999999,0.176679,0.17668800000000001,0.17669699999999999,0.176703,0.17671100000000001,0.17671999999999999,0.176729,0.176735,0.17674300000000001,0.17674899999999999,0.176758,0.17676600000000001,0.17677499999999999,0.176784,0.17679,0.17679800000000001,0.17680399999999999,0.176816,0.17682200000000001,0.17682999999999999,0.17683599999999999,0.176845,0.17685400000000001,0.17686199999999999,0.176871,0.17688000000000001,0.17688899999999999,0.176897,0.17690600000000001,0.17691499999999999,0.176923,0.176929,0.17693800000000001,0.17694699999999999,0.176955,0.17696400000000001,0.17697299999999999,0.176982,0.17699000000000001,0.17699899999999999,0.177008,0.177014,0.17702200000000001,0.17703099999999999,0.177037,0.17704600000000001,0.17705399999999999,0.177063,0.177069,0.17707700000000001,0.17708599999999999,0.177095,0.17710400000000001,0.17711199999999999,0.177121,0.17713000000000001,0.17713899999999999,0.177144,0.177153,0.17716199999999999,0.177173,0.17718200000000001,0.17718800000000001,0.17719699999999999,0.177205,0.17721100000000001,0.17721999999999999,0.177229,0.17723700000000001,0.17724599999999999,0.177255,0.177263,0.17727200000000001,0.17728099999999999,0.17729,0.17729800000000001,0.17730699999999999,0.177316,0.17732500000000001,0.17733299999999999,0.177342,0.17735100000000001,0.17735699999999999,0.17736499999999999,0.177374,0.17738000000000001,0.17739099999999999,0.1774,0.17740600000000001,0.17741499999999999,0.177423,0.17743200000000001,0.17743800000000001,0.17744699999999999,0.177455,0.17746100000000001,0.17746999999999999,0.177479,0.17748700000000001,0.17749599999999999,0.177505,0.177513,0.17752200000000001,0.17753099999999999,0.17754,0.17754800000000001,0.17755399999999999,0.177566,0.17757200000000001,0.17757999999999999,0.177589,0.177595,0.17760400000000001,0.17761199999999999,0.177621,0.17763000000000001,0.17763799999999999,0.177647,0.17765600000000001,0.17766499999999999,0.177673,0.17768200000000001,0.17769099999999999,0.177699,0.177708,0.17771700000000001,0.177726,0.177734,0.17774300000000001,0.17775199999999999,0.17776,0.17776900000000001,0.17777799999999999,0.177787,0.17779300000000001,0.17780399999999999,0.17781,0.177819,0.17782700000000001,0.17783599999999999,0.177845,0.17785100000000001,0.17786199999999999,0.177868,0.17787700000000001,0.17788499999999999,0.17789099999999999,0.17790300000000001,0.17790900000000001,0.17791699999999999,0.177926,0.17793500000000001,0.17794399999999999,0.177952,0.17796100000000001,0.17796999999999999,0.177979,0.17798700000000001,0.17799599999999999,0.17800199999999999,0.178013,0.17801900000000001,0.17803099999999999,0.178037,0.17804500000000001,0.17805399999999999,0.178063,0.17807200000000001,0.17807999999999999,0.17808599999999999,0.178095,0.17810100000000001,0.17810899999999999,0.178118,0.17812700000000001,0.17813499999999999,0.17814099999999999,0.17815,0.17815900000000001,0.17816499999999999,0.178173,0.17818200000000001,0.17818800000000001,0.17819599999999999,0.178205,0.17821400000000001,0.17822299999999999,0.178228,0.17823700000000001,0.17824599999999999,0.17825199999999999,0.178263,0.17826900000000001,0.17827799999999999,0.178287,0.17829200000000001,0.17830099999999999,0.17831,0.17831900000000001,0.17832700000000001,0.17833599999999999,0.178345,0.17835300000000001,0.17836199999999999,0.178371,0.17838000000000001,0.17838799999999999,0.178397,0.17840300000000001,0.17841199999999999,0.17842,0.178429,0.17843800000000001,0.17844399999999999,0.178452,0.17846100000000001,0.17847299999999999,0.178478,0.17848700000000001,0.17849599999999999,0.17850199999999999,0.17851,0.17851900000000001,0.17852799999999999,0.178537,0.17854500000000001,0.17855399999999999,0.178563,0.178568,0.17857700000000001,0.178589,0.17859800000000001,0.17860599999999999,0.17861199999999999,0.178621,0.17863000000000001,0.17863799999999999,0.178647,0.17865300000000001,0.17866199999999999,0.17867,0.178679,0.17868800000000001,0.17869599999999999,0.178705,0.17871100000000001,0.17871999999999999,0.178728,0.17874000000000001,0.17874599999999999,0.178754,0.17876300000000001,0.17876900000000001,0.178781,0.178787,0.17879200000000001,0.17880399999999999,0.17881,0.17882100000000001,0.17882700000000001,0.178839,0.178845,0.17885599999999999,0.17886199999999999,0.178871,0.17887900000000001,0.17888799999999999,0.178894,0.17890300000000001,0.17891399999999999,0.17892,0.178929,0.17893800000000001,0.17894599999999999,0.178955,0.17896100000000001,0.17897199999999999,0.178978,0.17899000000000001,0.17899599999999999,0.179004,0.17901300000000001,0.17901900000000001,0.179031,0.179036,0.17904500000000001,0.17905399999999999,0.179063,0.179068,0.17907699999999999,0.179086,0.179095,0.17910300000000001,0.17911199999999999,0.179121,0.17912900000000001,0.17913799999999999,0.179147,0.17915300000000001,0.17916399999999999,0.17917,0.179179,0.17918799999999999,0.17919599999999999,0.179205,0.17921400000000001,0.17922199999999999,0.179228,0.17923700000000001,0.17924599999999999,0.179254,0.17926,0.17926900000000001,0.17927799999999999,0.179286,0.17929500000000001,0.17930399999999999,0.179313,0.17932100000000001,0.17932699999999999,0.179339,0.17934700000000001,0.17935599999999999,0.17936199999999999,0.17937400000000001,0.17937900000000001,0.17938799999999999,0.179397,0.17940800000000001,0.17941699999999999,0.179426,0.17943200000000001,0.17943999999999999,0.179449,0.17945800000000001,0.17946699999999999,0.179475,0.179484,0.17949300000000001,0.17950099999999999,0.17951,0.17951900000000001,0.17952799999999999,0.179536,0.17954500000000001,0.17955399999999999,0.179562,0.17957100000000001,0.17957999999999999,0.179589,0.17959700000000001,0.17960300000000001,0.17961199999999999,0.179621,0.17962900000000001,0.17963499999999999,0.179644,0.17965300000000001,0.17966099999999999,0.17967,0.17967900000000001,0.17968700000000001,0.17969599999999999,0.179705,0.17971400000000001,0.17972199999999999,0.179728,0.17974000000000001,0.17974599999999999,0.179754,0.17976300000000001,0.17977199999999999,0.17978,0.179786,0.17979500000000001,0.17980399999999999,0.17981,0.17981800000000001,0.17982699999999999,0.179836,0.179844,0.17985300000000001,0.17986199999999999,0.179871,0.17987900000000001,0.17988799999999999,0.179897,0.17990500000000001,0.17991099999999999,0.17992,0.17992900000000001,0.17993700000000001,0.17994599999999999,0.179955,0.17996100000000001,0.17996899999999999,0.179978,0.17998700000000001,0.17999599999999999,0.180004,0.18001300000000001,0.18002199999999999,0.18002799999999999,0.180036,0.18004500000000001,0.18005399999999999,0.180062,0.18006800000000001,0.18007699999999999,0.180086,0.180094,0.18010300000000001,0.18011199999999999,0.180121,0.18012900000000001,0.18013799999999999,0.180147,0.18015500000000001,0.18016399999999999,0.18017,0.18018200000000001,0.18018700000000001,0.180196,0.180205,0.18021400000000001,0.18022199999999999,0.180231,0.18023700000000001,0.18024599999999999,0.180254,0.18026300000000001,0.18027199999999999,0.18027699999999999,0.180286,0.18029500000000001,0.18030399999999999,0.180312,0.18032100000000001,0.18032999999999999,0.180339,0.18034700000000001,0.18035599999999999,0.18036199999999999,0.18037,0.18037900000000001,0.18038799999999999,0.180397,0.18040500000000001,0.18041399999999999,0.18042,0.18042900000000001,0.18043699999999999,0.180446,0.180455,0.18046300000000001,0.18047199999999999,0.180481,0.18049000000000001,0.18049499999999999,0.180504,0.18051300000000001,0.18051900000000001,0.18052699999999999,0.180536,0.18054500000000001,0.18055399999999999,0.180559,0.18057100000000001,0.18057699999999999,0.180586,0.180594,0.18060000000000001,0.18060899999999999,0.180618,0.18062300000000001,0.18063499999999999,0.180641,0.18065000000000001,0.18065800000000001,0.18066399999999999,0.180676,0.18068100000000001,0.18068999999999999,0.180699,0.18070800000000001,0.18071599999999999,0.18072199999999999,0.180731,0.18074000000000001,0.18074499999999999,0.180754,0.18076300000000001,0.18077199999999999,0.18078,0.180786,0.18079500000000001,0.18080599999999999,0.180812,0.18082100000000001,0.18082999999999999,0.180838,0.18084700000000001,0.18085599999999999,0.18086199999999999,0.18087300000000001,0.18087900000000001,0.18088799999999999,0.180897,0.18090500000000001,0.18091399999999999,0.18092,0.18093100000000001,0.18093699999999999,0.180946,0.180955,0.18096300000000001,0.18097199999999999,0.180978,0.18098700000000001,0.18099499999999999,0.181004,0.18101300000000001,0.18102199999999999,0.18103,0.18103900000000001,0.18104500000000001,0.18105599999999999,0.181065,0.18107100000000001,0.18107999999999999,0.181088,0.18109700000000001,0.18110599999999999,0.181115,0.18112,0.18112900000000001,0.18113799999999999,0.181147,0.18115200000000001,0.18116399999999999,0.18117,0.18117800000000001,0.18118699999999999,0.181196,0.181205,0.18121300000000001,0.18122199999999999,0.181231,0.18123700000000001,0.18124799999999999,0.181257,0.18126600000000001,0.18127399999999999,0.18128,0.18128900000000001,0.18129799999999999,0.18130599999999999,0.181315,0.18132100000000001,0.18133299999999999,0.181338,0.18134700000000001,0.18135599999999999,0.181364,0.18137300000000001,0.18138199999999999,0.181391,0.181396,0.18140500000000001,0.18141399999999999,0.181423,0.18143100000000001,0.18143999999999999,0.181446,0.18145800000000001,0.18146300000000001,0.18147199999999999,0.18148400000000001,0.18149199999999999,0.181501,0.18151,0.18151600000000001,0.18152399999999999,0.181533,0.18154200000000001,0.18154999999999999,0.181559,0.181565,0.18157400000000001,0.18158199999999999,0.181591,0.18160000000000001,0.18160899999999999,0.181617,0.18162600000000001,0.18163499999999999,0.181641,0.181649,0.18165799999999999,0.181667,0.181675,0.18168400000000001,0.18169299999999999,0.181702,0.18171000000000001,0.18171899999999999,0.181728,0.18173700000000001,0.18174499999999999,0.181754,0.18176300000000001,0.18176800000000001,0.18177699999999999,0.181786,0.18179500000000001,0.18180299999999999,0.181809,0.18181800000000001,0.18182699999999999,0.181838,0.18184400000000001,0.18185299999999999,0.18186099999999999,0.181867,0.18187900000000001,0.18188499999999999,0.181896,0.18190200000000001,0.18191099999999999,0.18192,0.18192800000000001,0.18193699999999999,0.181946,0.18195500000000001,0.18196000000000001,0.18196899999999999,0.181978,0.18198600000000001,0.18199499999999999,0.182004,0.18201300000000001,0.18202099999999999,0.18203,0.182036,0.18204799999999999,0.18205299999999999,0.182062,0.18207100000000001,0.18207699999999999,0.182085,0.18209400000000001,0.18210299999999999,0.182111,0.18212,0.18212900000000001,0.18213499999999999,0.182143,0.18215200000000001,0.18216099999999999,0.18217,0.182175,0.18218400000000001,0.18219299999999999,0.182199,0.18220700000000001,0.18221599999999999,0.182225,0.182231,0.18223900000000001,0.18224799999999999,0.182257,0.18226500000000001,0.18227399999999999,0.18228,0.18229200000000001,0.18229999999999999,0.182309,0.18231800000000001,0.18232699999999999,0.182335,0.18234400000000001,0.18235299999999999,0.182361,0.18237,0.18237900000000001,0.18238799999999999,0.182396,0.18240500000000001,0.18241399999999999,0.182422,0.18243100000000001,0.18243699999999999,0.182449,0.18245400000000001,0.18246599999999999,0.182472,0.182481,0.18248900000000001,0.18249499999999999,0.182507,0.18251300000000001,0.18252099999999999,0.18253,0.18253900000000001,0.18254699999999999,0.182556,0.18256500000000001,0.18257100000000001,0.18257899999999999,0.182588,0.18259700000000001,0.18260599999999999,0.182611,0.18262,0.18262900000000001,0.18263799999999999,0.182646,0.18265200000000001,0.18266399999999999,0.182669,0.18267800000000001,0.18268699999999999,0.182696,0.18270400000000001,0.18271000000000001,0.18271899999999999,0.182728,0.18273600000000001,0.18274499999999999,0.182751,0.18276000000000001,0.18276800000000001,0.18277399999999999,0.182783,0.18279200000000001,0.18279999999999999,0.182809,0.18281500000000001,0.18282399999999999,0.18283199999999999,0.182841,0.18285000000000001,0.18285499999999999,0.182867,0.18287300000000001,0.18288199999999999,0.18289,0.18289900000000001,0.18290799999999999,0.182916,0.182922,0.18293100000000001,0.18293999999999999,0.182948,0.18295700000000001,0.18296599999999999,0.182972,0.18298,0.18298900000000001,0.18299799999999999,0.183007,0.18301200000000001,0.18302399999999999,0.18303,0.18303900000000001,0.18304699999999999,0.18305299999999999,0.183062,0.18307100000000001,0.18307899999999999,0.183088,0.18309700000000001,0.18310499999999999,0.183111,0.18312,0.18312899999999999,0.18313699999999999,0.183146,0.18315500000000001,0.18316399999999999,0.183172,0.18318100000000001,0.18318999999999999,0.183198,0.18320400000000001,0.18321299999999999,0.183222,0.183228,0.18323600000000001,0.18324499999999999,0.183254,0.18326200000000001,0.18327099999999999,0.18328,0.18328900000000001,0.18329400000000001,0.18330299999999999,0.183312,0.18332100000000001,0.18332899999999999,0.183338,0.18334700000000001,0.18335499999999999,0.183364,0.18337300000000001,0.18338199999999999,0.18339,0.183396,0.18340500000000001,0.18341399999999999,0.183419,0.18342800000000001,0.18343699999999999,0.183446,0.18345400000000001,0.18346299999999999,0.18346899999999999,0.183477,0.18348900000000001,0.18349499999999999,0.183504,0.18351200000000001,0.18352099999999999,0.18353,0.18353800000000001,0.18354400000000001,0.18355299999999999,0.183562,0.18357000000000001,0.18357899999999999,0.183588,0.18359400000000001,0.18360499999999999,0.183614,0.18362300000000001,0.18363199999999999,0.18364,0.183646,0.18365799999999999,0.18366299999999999,0.183672,0.18368100000000001,0.18368999999999999,0.183698,0.18370400000000001,0.18371599999999999,0.183722,0.18373,0.18373900000000001,0.18374799999999999,0.183756,0.18376500000000001,0.18377399999999999,0.18378,0.18379100000000001,0.18379699999999999,0.183806,0.18381500000000001,0.18382299999999999,0.18382899999999999,0.183838,0.18384900000000001,0.18385499999999999,0.183867,0.18387300000000001,0.18388099999999999,0.18389,0.18389900000000001,0.18390799999999999,0.18391299999999999,0.183922,0.18393100000000001,0.18393999999999999,0.183948,0.18395400000000001,0.18396599999999999,0.183972,0.18398,0.18398900000000001,0.18399499999999999,0.184004,0.18401200000000001,0.18402099999999999,0.18403,0.18403800000000001,0.18404699999999999,0.18405299999999999,0.184062,0.18407000000000001,0.18407899999999999,0.184088,0.18409700000000001,0.18410499999999999,0.184111,0.18412300000000001,0.18413099999999999,0.18414,0.184146,0.18415500000000001,0.18416299999999999,0.184169,0.18418100000000001,0.18418699999999999,0.184195,0.18420400000000001,0.18421299999999999,0.184222,0.18423,0.18423600000000001,0.18424499999999999,0.184253,0.18426200000000001,0.18427099999999999,0.18428,0.18428800000000001,0.18429400000000001,0.18430299999999999,0.184312,0.18432000000000001,0.18432599999999999,0.184335,0.18434400000000001,0.18435199999999999,0.184361,0.18437000000000001,0.18437799999999999,0.184387,0.184396,0.18440200000000001,0.18440999999999999,0.184419,0.18442800000000001,0.18443699999999999,0.18444199999999999,0.184451,0.18446000000000001,0.18446899999999999,0.184477,0.18448300000000001,0.18449199999999999,0.184503,0.18451200000000001,0.18451799999999999,0.184527,0.184535,0.18454100000000001,0.18454999999999999,0.184559,0.18456700000000001,0.18457599999999999,0.184585,0.18459400000000001,0.18460199999999999,0.184611,0.184617,0.18462600000000001,0.18463399999999999,0.18464,0.18465200000000001,0.18465699999999999,0.184666,0.18467800000000001,0.18468699999999999,0.184695,0.18470400000000001,0.18471299999999999,0.184721,0.18473000000000001,0.18473600000000001,0.18474499999999999,0.184753,0.18476200000000001,0.18477099999999999,0.18478,0.18478800000000001,0.18479400000000001,0.184803,0.184812,0.18482000000000001,0.18482599999999999,0.184838,0.18484400000000001,0.18485199999999999,0.184861,0.18487000000000001,0.18487799999999999,0.184887,0.184896,0.18490500000000001,0.18491299999999999,0.184919,0.18492800000000001,0.18493599999999999,0.184948,0.18495400000000001,0.18496299999999999,0.184971,0.184977,0.18498899999999999,0.18499499999999999,0.185003,0.18501200000000001,0.18502099999999999,0.18503,0.18503800000000001,0.18504699999999999,0.185056,0.18506400000000001,0.18507000000000001,0.18507899999999999,0.185088,0.18509600000000001,0.18510199999999999,0.185111,0.18512000000000001,0.18512799999999999,0.185137,0.18514600000000001,0.18515400000000001,0.18516299999999999,0.185169,0.18518100000000001,0.18518599999999999,0.185195,0.18520400000000001,0.18521299999999999,0.185221,0.18523000000000001,0.18523899999999999,0.18524499999999999,0.185253,0.18526200000000001,0.18527099999999999,0.185279,0.18528500000000001,0.18529399999999999,0.185303,0.185309,0.18531700000000001,0.18532599999999999,0.185335,0.18534300000000001,0.18535199999999999,0.185361,0.18537000000000001,0.18537799999999999,0.185387,0.18539600000000001,0.18540699999999999,0.185416,0.185422,0.18543100000000001,0.18543899999999999,0.185448,0.18545700000000001,0.18546499999999999,0.185474,0.18548300000000001,0.18549199999999999,0.1855,0.18550900000000001,0.18551799999999999,0.18552399999999999,0.185532,0.18554100000000001,0.18554699999999999,0.185558,0.18556400000000001,0.18557299999999999,0.18557899999999999,0.185588,0.18559600000000001,0.18560499999999999,0.185614,0.18562200000000001,0.18562799999999999,0.18564,0.18564600000000001,0.18565400000000001,0.18566299999999999,0.185672,0.18568100000000001,0.18568599999999999,0.185695,0.18570400000000001,0.18571299999999999,0.185721,0.18573000000000001,0.18573899999999999,0.185747,0.185753,0.18576200000000001,0.18577399999999999,0.185779,0.18579100000000001,0.18579699999999999,0.185808,0.18581400000000001,0.18582299999999999,0.185832,0.18584000000000001,0.18584899999999999,0.18585499999999999,0.185867,0.18587200000000001,0.18588099999999999,0.18589,0.18589900000000001,0.18590699999999999,0.185916,0.185922,0.18593000000000001,0.18593899999999999,0.185948,0.18595700000000001,0.18596499999999999,0.185971,0.18598300000000001,0.18598899999999999,0.18599399999999999,0.186006,0.18601200000000001,0.18601799999999999,0.186029,0.18603500000000001,0.18604399999999999,0.186053,0.186061,0.18607000000000001,0.18607899999999999,0.186087,0.18609600000000001,0.18610499999999999,0.186114,0.18612200000000001,0.18613099999999999,0.18614,0.18614800000000001,0.18615699999999999,0.186166,0.18617500000000001,0.18618299999999999,0.186192,0.18620100000000001,0.18620700000000001,0.18621499999999999,0.186224,0.18623300000000001,0.18624099999999999,0.18625,0.186256,0.18626499999999999,0.18627299999999999,0.186279,0.18628800000000001,0.18629699999999999,0.186305,0.18631400000000001,0.18632299999999999,0.186332,0.186337,0.18634899999999999,0.18635499999999999,0.186364,0.18637200000000001,0.18637799999999999,0.18639,0.18639800000000001,0.18640699999999999,0.186413,0.186422,0.18643000000000001,0.18643899999999999,0.186448,0.18645400000000001,0.18646199999999999,0.186471,0.18648000000000001,0.18648899999999999,0.186497,0.18650600000000001,0.18651200000000001,0.18652099999999999,0.186529,0.18653800000000001,0.18654699999999999,0.186552,0.18656400000000001,0.18657000000000001,0.186582,0.186587,0.18659600000000001,0.18660499999999999,0.186611,0.18661900000000001,0.18662799999999999,0.186637,0.18664500000000001,0.18665399999999999,0.186663,0.186669,0.18668000000000001,0.18668599999999999,0.186695,0.18670400000000001,0.18671199999999999,0.186721,0.18673300000000001,0.18673799999999999,0.18675,0.18675600000000001,0.18676499999999999,0.18677299999999999,0.186782,0.18679100000000001,0.18679699999999999,0.186805,0.18681400000000001,0.18682599999999999,0.186832,0.18684000000000001,0.18684899999999999,0.186858,0.186866,0.18687500000000001,0.18688399999999999,0.18689,0.18689800000000001,0.18690999999999999,0.186916,0.18692400000000001,0.18693299999999999,0.186942,0.18695100000000001,0.18695899999999999,0.186968,0.186974,0.18698300000000001,0.18699099999999999,0.187,0.18700600000000001,0.18701499999999999,0.18702299999999999,0.18703500000000001,0.18704100000000001,0.18704899999999999,0.187058,0.18706700000000001,0.18707599999999999,0.187087,0.18709300000000001,0.18710199999999999,0.18711,0.18711900000000001,0.18712799999999999,0.18713399999999999,0.187142,0.18715100000000001,0.18715699999999999,0.187166,0.18717400000000001,0.18718299999999999,0.187192,0.18720100000000001,0.18720899999999999,0.187218,0.187224,0.18723300000000001,0.18724099999999999,0.18725,0.18725600000000001,0.18726499999999999,0.187273,0.187282,0.18729100000000001,0.18729699999999999,0.187308,0.18731400000000001,0.18732599999999999,0.187334,0.18734300000000001,0.18735199999999999,0.18736,0.18737200000000001,0.18737799999999999,0.18739,0.18739800000000001,0.18740699999999999,0.187416,0.18742400000000001,0.18743599999999999,0.187442,0.18745300000000001,0.18745899999999999,0.187471,0.187477,0.18748799999999999,0.18749399999999999,0.18750600000000001,0.18751200000000001,0.187523,0.187529,0.18754100000000001,0.18754599999999999,0.187558,0.18756400000000001,0.18757299999999999,0.187581,0.18759000000000001,0.18759899999999999,0.187607,0.187613,0.18762200000000001,0.18763099999999999,0.18764,0.18765100000000001,0.18765699999999999,0.187666,0.18767400000000001,0.18768299999999999,0.187692,0.18770100000000001,0.18770899999999999,0.187718,0.187724,0.18773200000000001,0.18774099999999999,0.18775,0.18775900000000001,0.18776699999999999,0.187773,0.187782,0.18779100000000001,0.18779599999999999,0.187808,0.18781400000000001,0.18782299999999999,0.187831,0.18784000000000001,0.18784899999999999,0.187857,0.18786600000000001,0.18787200000000001,0.18788099999999999,0.187889,0.18789800000000001,0.18790699999999999,0.187913,0.187921,0.18793000000000001,0.18793899999999999,0.18795000000000001,0.18795600000000001,0.18796499999999999,0.18797700000000001,0.18798200000000001,0.18799099999999999,0.188,0.18800900000000001,0.18801699999999999,0.188026,0.18803500000000001,0.18804100000000001,0.18804899999999999,0.188058,0.18806700000000001,0.18807299999999999,0.188081,0.18809000000000001,0.18809899999999999,0.188107,0.18811600000000001,0.18812200000000001,0.188134,0.188139,0.18815100000000001,0.18815699999999999,0.188168,0.18817400000000001,0.18818299999999999,0.188192,0.188198,0.18820600000000001,0.18821499999999999,0.188224,0.18823200000000001,0.18823799999999999,0.188247,0.18825600000000001,0.18826399999999999,0.188273,0.188282,0.18829099999999999,0.18829899999999999,0.188305,0.18831400000000001,0.18832499999999999,0.188331,0.18834300000000001,0.18834899999999999,0.188357,0.188363,0.18837200000000001,0.18838099999999999,0.188389,0.18839800000000001,0.18840699999999999,0.188416,0.18842100000000001,0.18842999999999999,0.188442,0.188447,0.18845600000000001,0.18846499999999999,0.188474,0.18848200000000001,0.18849099999999999,0.188497,0.18850600000000001,0.18851100000000001,0.188523,0.188529,0.18853800000000001,0.18854599999999999,0.188552,0.18856400000000001,0.18856999999999999,0.188581,0.188587,0.18859899999999999,0.18860399999999999,0.188613,0.18862200000000001,0.18863099999999999,0.188639,0.18864800000000001,0.18865699999999999,0.188665,0.18867400000000001,0.18868299999999999,0.188692,0.18870000000000001,0.18870899999999999,0.188718,0.18872700000000001,0.18873200000000001,0.18874099999999999,0.18875,0.18875800000000001,0.18876399999999999,0.188773,0.188779,0.18879000000000001,0.18879899999999999,0.188808,0.18881700000000001,0.18882499999999999,0.188834,0.18884000000000001,0.18884899999999999,0.188857,0.18886600000000001,0.18887200000000001,0.18888099999999999,0.188889,0.18889800000000001,0.18890699999999999,0.188918,0.18892400000000001,0.18893599999999999,0.188942,0.18895000000000001,0.18895899999999999,0.188968,0.188974,0.18898200000000001,0.18899099999999999,0.189,0.18900600000000001,0.18901399999999999,0.189023,0.18903200000000001,0.18904000000000001,0.18904899999999999,0.189058,0.18906400000000001,0.18907199999999999,0.189081,0.18909000000000001,0.18909899999999999,0.18910399999999999,0.189113,0.18912200000000001,0.18913099999999999,0.189139,0.18914800000000001,0.18915699999999999,0.189165,0.18917100000000001,0.18917999999999999,0.189189,0.189197,0.18920600000000001,0.18921499999999999,0.189221,0.18923200000000001,0.18923799999999999,0.189247,0.18925500000000001,0.18926399999999999,0.189273,0.18928200000000001,0.18929000000000001,0.18929599999999999,0.189308,0.18931600000000001,0.18932499999999999,0.189334,0.18934300000000001,0.18935099999999999,0.189357,0.18936600000000001,0.18937499999999999,0.189383,0.189392,0.18940100000000001,0.18941,0.189418,0.18942400000000001,0.18943299999999999,0.189442,0.18945000000000001,0.18945899999999999,0.189468,0.18947600000000001,0.18948200000000001,0.18949099999999999,0.1895,0.18950800000000001,0.18951699999999999,0.189523,0.18953200000000001,0.18953999999999999,0.189549,0.189558,0.18956600000000001,0.18957499999999999,0.189581,0.18959000000000001,0.18959799999999999,0.189607,0.18961600000000001,0.18962499999999999,0.189633,0.189639,0.18965099999999999,0.18965699999999999,0.189668,0.18967400000000001,0.18968299999999999,0.189691,0.18970000000000001,0.18970899999999999,0.18971499999999999,0.189723,0.18973200000000001,0.18974099999999999,0.18975,0.18975800000000001,0.18976699999999999,0.189773,0.18978200000000001,0.18978999999999999,0.189799,0.189808,0.18981600000000001,0.18982499999999999,0.189831,0.18984000000000001,0.18984799999999999,0.189857,0.18986600000000001,0.18987200000000001,0.189883,0.189889,0.18989800000000001,0.18990599999999999,0.189915,0.18992100000000001,0.18992999999999999,0.189938,0.189947,0.18995300000000001,0.18996499999999999,0.18997,0.18997900000000001,0.18998799999999999,0.189997,0.19000500000000001,0.19001399999999999,0.190023,0.19003100000000001,0.19003999999999999,0.190049,0.190058,0.19006600000000001,0.19007499999999999,0.190081,0.19009000000000001,0.19009799999999999,0.190107,0.19011600000000001,0.19012399999999999,0.190133,0.19014200000000001,0.19015099999999999,0.19015899999999999,0.190168,0.19017700000000001,0.19018299999999999,0.190191,0.19020000000000001,0.19020899999999999,0.190217,0.19022600000000001,0.19023499999999999,0.19024099999999999,0.190249,0.19025500000000001,0.19026699999999999,0.190276,0.19028400000000001,0.19028999999999999,0.190299,0.190308,0.19031600000000001,0.19032499999999999,0.190334,0.19034200000000001,0.19034799999999999,0.190357,0.19036600000000001,0.19037399999999999,0.19037999999999999,0.190389,0.19039800000000001,0.19040599999999999,0.190415,0.19042400000000001,0.19043299999999999,0.190441,0.19044700000000001,0.19045899999999999,0.190465,0.190473,0.19048200000000001,0.19049099999999999,0.190499,0.19050800000000001,0.19051699999999999,0.190526,0.19053100000000001,0.19053999999999999,0.190549,0.19055800000000001,0.19056600000000001,0.19057499999999999,0.190581,0.19059000000000001,0.19059799999999999,0.190607,0.19061600000000001,0.19062399999999999,0.19062999999999999,0.190639,0.19064800000000001,0.19065599999999999,0.190665,0.19067400000000001,0.19068299999999999,0.190691,0.19070000000000001,0.19070599999999999,0.19071399999999999,0.190723,0.19073200000000001,0.19074099999999999,0.190749,0.19075500000000001,0.19076699999999999,0.190776,0.19078400000000001,0.19078999999999999,0.190799,0.190807,0.19081600000000001,0.19082499999999999,0.190831,0.19083900000000001,0.19084799999999999,0.190857,0.19086600000000001,0.19087100000000001,0.19087999999999999,0.190889,0.19089800000000001,0.19090599999999999,0.190915,0.19092400000000001,0.19093199999999999,0.190941,0.19095000000000001,0.19095899999999999,0.190967,0.190973,0.19098499999999999,0.19099099999999999,0.190999,0.19100500000000001,0.19101399999999999,0.191023,0.19103100000000001,0.19103999999999999,0.191049,0.191057,0.19106600000000001,0.19107499999999999,0.191084,0.19109200000000001,0.19110099999999999,0.19111,0.19111800000000001,0.19112699999999999,0.191133,0.19114500000000001,0.19114999999999999,0.191159,0.191168,0.19117700000000001,0.19118499999999999,0.191194,0.19120300000000001,0.19121199999999999,0.19122,0.19122900000000001,0.19123799999999999,0.191243,0.19125200000000001,0.19126099999999999,0.19127,0.191275,0.19128400000000001,0.19129299999999999,0.191302,0.19131000000000001,0.19131899999999999,0.191328,0.19133600000000001,0.19134200000000001,0.19135099999999999,0.19136,0.19136800000000001,0.19137699999999999,0.191386,0.19139200000000001,0.19139999999999999,0.191409,0.191418,0.19142400000000001,0.19143199999999999,0.191441,0.19145000000000001,0.19145899999999999,0.191467,0.19147600000000001,0.19148200000000001,0.19149099999999999,0.191499,0.19150500000000001,0.19151699999999999,0.191525,0.19153400000000001,0.19154299999999999,0.191552,0.19155700000000001,0.19156899999999999,0.191575,0.191584,0.19159200000000001,0.19160099999999999,0.19161,0.19161600000000001,0.19162699999999999,0.191633,0.19164200000000001,0.19164999999999999,0.191659,0.19166800000000001,0.19167699999999999,0.19168499999999999,0.191694,0.19170000000000001,0.19170799999999999,0.191717,0.19172600000000001,0.19173200000000001,0.191743,0.191749,0.19175800000000001,0.19176699999999999,0.191775,0.19178400000000001,0.19178999999999999,0.191799,0.19180700000000001,0.19181599999999999,0.191825,0.191833,0.19184200000000001,0.19185099999999999,0.19186,0.19186500000000001,0.19187399999999999,0.191883,0.19189200000000001,0.19189999999999999,0.191909,0.19191800000000001,0.19192600000000001,0.19193499999999999,0.191944,0.19195300000000001,0.19195799999999999,0.191967,0.19197600000000001,0.19198499999999999,0.191993,0.191999,0.19200800000000001,0.19201699999999999,0.192022,0.19203400000000001,0.19203999999999999,0.192049,0.19205700000000001,0.19206599999999999,0.192075,0.192081,0.19208900000000001,0.19209799999999999,0.192107,0.19211500000000001,0.19212099999999999,0.192133,0.192139,0.19214700000000001,0.19215599999999999,0.192165,0.19217400000000001,0.19218199999999999,0.192188,0.19219700000000001,0.19220499999999999,0.192214,0.192223,0.19223199999999999,0.19223999999999999,0.192249,0.19225800000000001,0.19226699999999999,0.192275,0.19228400000000001,0.19228999999999999,0.192301,0.19230700000000001,0.19231599999999999,0.19232199999999999,0.19233,0.19233900000000001,0.19234799999999999,0.192354,0.19236200000000001,0.19237099999999999,0.19238,0.192389,0.19239700000000001,0.19240599999999999,0.192415,0.19242300000000001,0.19243199999999999,0.192441,0.19245000000000001,0.19245799999999999,0.192467,0.19247600000000001,0.19248199999999999,0.19248999999999999,0.192499,0.19250800000000001,0.19251599999999999,0.192522,0.19253100000000001,0.19253999999999999,0.192548,0.19255700000000001,0.19256300000000001,0.19257199999999999,0.19258,0.19258900000000001,0.19259799999999999,0.192607,0.19261500000000001,0.19262399999999999,0.192633,0.19264100000000001,0.19264999999999999,0.192659,0.19266800000000001,0.19267300000000001,0.19268199999999999,0.192691,0.19270000000000001,0.19270799999999999,0.192717,0.19272600000000001,0.19273199999999999,0.19273999999999999,0.192749,0.19275800000000001,0.19276599999999999,0.192775,0.19278400000000001,0.19279299999999999,0.192801,0.19280700000000001,0.19281899999999999,0.192825,0.192833,0.19284200000000001,0.19284799999999999,0.192857,0.19286500000000001,0.19287399999999999,0.19288,0.192889,0.19289999999999999,0.19290599999999999,0.19291800000000001,0.19292300000000001,0.19293199999999999,0.192941,0.19295000000000001,0.19295799999999999,0.192967,0.19297300000000001,0.19298199999999999,0.19298999999999999,0.192999,0.19300800000000001,0.19301599999999999,0.193022,0.19303100000000001,0.19303999999999999,0.193048,0.19305700000000001,0.19306599999999999,0.193075,0.19308,0.19308900000000001,0.19309799999999999,0.193107,0.19311500000000001,0.19312399999999999,0.193133,0.19314100000000001,0.19314999999999999,0.19315599999999999,0.193165,0.19317300000000001,0.19318199999999999,0.193191,0.19320000000000001,0.19320799999999999,0.193214,0.19322300000000001,0.19323100000000001,0.19324,0.193249,0.19325800000000001,0.19326599999999999,0.193275,0.19328400000000001,0.19328999999999999,0.193301,0.19330700000000001,0.19331599999999999,0.193324,0.193333,0.19334200000000001,0.193351,0.193359,0.19336500000000001,0.19337399999999999,0.193383,0.19339100000000001,0.19339999999999999,0.19340599999999999,0.19341800000000001,0.19342599999999999,0.193435,0.193441,0.19344900000000001,0.19345799999999999,0.193467,0.19347300000000001,0.19348099999999999,0.19349,0.193499,0.19350500000000001,0.19351299999999999,0.193522,0.19353100000000001,0.19353999999999999,0.193548,0.19355700000000001,0.19356599999999999,0.193574,0.19358300000000001,0.19359199999999999,0.19359799999999999,0.193606,0.19361500000000001,0.19362399999999999,0.193633,0.19364100000000001,0.19364999999999999,0.193659,0.19366700000000001,0.19367300000000001,0.19368199999999999,0.193691,0.19369700000000001,0.19370799999999999,0.193714,0.19372300000000001,0.19373099999999999,0.19374,0.193749,0.19375800000000001,0.19376599999999999,0.193772,0.19378400000000001,0.19378999999999999,0.193798,0.19380700000000001,0.19381599999999999,0.193824,0.19383300000000001,0.19384199999999999,0.193851,0.193856,0.19386500000000001,0.19387399999999999,0.193883,0.19389100000000001,0.19389999999999999,0.193909,0.19391700000000001,0.19392599999999999,0.193935,0.193941,0.19394900000000001,0.19395799999999999,0.193967,0.19397300000000001,0.19398099999999999,0.19399,0.193999,0.19400800000000001,0.19401599999999999,0.194022,0.19403100000000001,0.19403899999999999,0.194048,0.19405700000000001,0.19406599999999999,0.194074,0.19408300000000001,0.19409199999999999,0.19409999999999999,0.194109,0.19411800000000001,0.19412399999999999,0.194132,0.19414100000000001,0.19414999999999999,0.194156,0.19416700000000001,0.19417300000000001,0.19417899999999999,0.194188,0.19419600000000001,0.19420499999999999,0.194214,0.19422300000000001,0.19422800000000001,0.19423699999999999,0.194246,0.19425500000000001,0.19426299999999999,0.194272,0.19427800000000001,0.19428699999999999,0.19429199999999999,0.194301,0.19431000000000001,0.19431799999999999,0.194327,0.19433600000000001,0.19434499999999999,0.194353,0.194359,0.19437099999999999,0.19437699999999999,0.194385,0.19439400000000001,0.19440299999999999,0.194412,0.19441700000000001,0.19442599999999999,0.194435,0.19444600000000001,0.19445200000000001,0.19446099999999999,0.19447,0.19447800000000001,0.19448399999999999,0.194493,0.19450200000000001,0.19450999999999999,0.194519,0.19452800000000001,0.19453599999999999,0.19454199999999999,0.194551,0.19456000000000001,0.19456799999999999,0.194577,0.19458600000000001,0.19459499999999999,0.194603,0.19461200000000001,0.19462099999999999,0.19462699999999999,0.19463800000000001,0.19464400000000001,0.194656,0.194664,0.19467300000000001,0.19467899999999999,0.194691,0.19469600000000001,0.19470499999999999,0.194714,0.19472200000000001,0.19473099999999999,0.19474,0.19474900000000001,0.19475700000000001,0.19476599999999999,0.194772,0.19478400000000001,0.19478899999999999,0.194798,0.19480700000000001,0.19481599999999999,0.194824,0.19483300000000001,0.19484199999999999,0.19484699999999999,0.194856,0.19486500000000001,0.19487399999999999,0.194882,0.19489100000000001,0.19489999999999999,0.194908,0.19491700000000001,0.19492300000000001,0.19493199999999999,0.19494,0.19494900000000001,0.19495799999999999,0.194964,0.19497200000000001,0.19498099999999999,0.19499,0.19499900000000001,0.19500700000000001,0.19501599999999999,0.195022,0.19503100000000001,0.19503899999999999,0.195048,0.19505700000000001,0.19506499999999999,0.195074,0.19508300000000001,0.19509199999999999,0.1951,0.195109,0.19511800000000001,0.19512599999999999,0.195132,0.19514100000000001,0.19514999999999999,0.195156,0.195164,0.19517300000000001,0.19518199999999999,0.19519,0.19519900000000001,0.19520799999999999,0.195217,0.19522500000000001,0.19523399999999999,0.195243,0.19525100000000001,0.19525999999999999,0.195266,0.19527800000000001,0.19528300000000001,0.19529199999999999,0.195301,0.19531000000000001,0.19531799999999999,0.195327,0.19533600000000001,0.19534399999999999,0.195353,0.195359,0.19537099999999999,0.19537599999999999,0.195385,0.19539400000000001,0.19540299999999999,0.195411,0.19541700000000001,0.19542599999999999,0.195435,0.19544300000000001,0.19545199999999999,0.195461,0.195469,0.19547800000000001,0.19548699999999999,0.195493,0.19550100000000001,0.19550999999999999,0.195519,0.19552800000000001,0.19553300000000001,0.19554199999999999,0.195551,0.19555700000000001,0.19556799999999999,0.195574,0.19558300000000001,0.19559099999999999,0.1956,0.19560900000000001,0.19561500000000001,0.19562299999999999,0.195632,0.19564100000000001,0.19564999999999999,0.195658,0.19566700000000001,0.19567300000000001,0.19567899999999999,0.195687,0.19569600000000001,0.19570499999999999,0.195714,0.19572200000000001,0.19573099999999999,0.19573699999999999,0.195746,0.19575400000000001,0.195766,0.195775,0.19578300000000001,0.19578899999999999,0.195801,0.19580900000000001,0.19581499999999999,0.195824,0.19583300000000001,0.19584099999999999,0.19585,0.19585900000000001,0.19586799999999999,0.19587599999999999,0.195882,0.19589100000000001,0.19589999999999999,0.195905,0.195914,0.19592300000000001,0.195932,0.19594,0.19594900000000001,0.19595799999999999,0.195964,0.19597500000000001,0.19598099999999999,0.19599,0.19599800000000001,0.19600699999999999,0.196016,0.196025,0.19603300000000001,0.19603899999999999,0.196051,0.19605700000000001,0.19606799999999999,0.196074,0.19608,0.19608800000000001,0.19609699999999999,0.196106,0.19611500000000001,0.19612299999999999,0.196132,0.19614100000000001,0.19614999999999999,0.196158,0.19616700000000001,0.19617599999999999,0.196184,0.19619300000000001,0.19619900000000001,0.19620799999999999,0.196216,0.19622500000000001,0.19623099999999999,0.196243,0.19624800000000001,0.19625699999999999,0.196266,0.196274,0.19628300000000001,0.19629199999999999,0.196301,0.19630600000000001,0.19631799999999999,0.196324,0.19633300000000001,0.19634099999999999,0.19634699999999999,0.196356,0.19636500000000001,0.19637299999999999,0.196382,0.19639100000000001,0.19639899999999999,0.196408,0.19641700000000001,0.19642599999999999,0.196434,0.19644300000000001,0.19645199999999999,0.196461,0.196469,0.19647500000000001,0.19648399999999999,0.196492,0.19650100000000001,0.19650999999999999,0.196516,0.196524,0.19653300000000001,0.19654199999999999,0.196548,0.19655600000000001,0.19656499999999999,0.196574,0.19658,0.19658600000000001,0.19659399999999999,0.196603,0.19661200000000001,0.19661999999999999,0.196629,0.19663800000000001,0.19664400000000001,0.19665199999999999,0.196661,0.19667000000000001,0.19667899999999999,0.196684,0.19669300000000001,0.19670199999999999,0.19671,0.196719,0.19672799999999999,0.19673399999999999,0.196745,0.19675100000000001,0.19675999999999999,0.196769,0.19677700000000001,0.19678599999999999,0.196795,0.19680300000000001,0.19681199999999999,0.19681799999999999,0.196827,0.19683500000000001,0.19684399999999999,0.196853,0.19686200000000001,0.19686999999999999,0.196879,0.196885,0.19689400000000001,0.19690199999999999,0.196911,0.19692000000000001,0.19692799999999999,0.196937,0.19694600000000001,0.19695499999999999,0.19696,0.19696900000000001,0.19697799999999999,0.196987,0.196995,0.19700400000000001,0.19701299999999999,0.197021,0.19703000000000001,0.19703899999999999,0.197048,0.19705600000000001,0.19706499999999999,0.197074,0.19708300000000001,0.19709099999999999,0.1971,0.19710900000000001,0.19711699999999999,0.19712299999999999,0.197135,0.19714400000000001,0.19714899999999999,0.197158,0.19716700000000001,0.19717299999999999,0.197181,0.19719,0.19719900000000001,0.19720699999999999,0.197216,0.19722500000000001,0.19723099999999999,0.197239,0.19724800000000001,0.19725699999999999,0.197266,0.197274,0.19728299999999999,0.197292,0.1973,0.19730600000000001,0.19731499999999999,0.197324,0.19733000000000001,0.19733800000000001,0.19734699999999999,0.197353,0.19736400000000001,0.19736999999999999,0.197379,0.19738800000000001,0.19739599999999999,0.197405,0.19741400000000001,0.19742299999999999,0.197431,0.19744,0.19744900000000001,0.19745699999999999,0.197466,0.19747500000000001,0.19748099999999999,0.197492,0.19749800000000001,0.19750699999999999,0.197516,0.19752400000000001,0.19753299999999999,0.197542,0.19755,0.19755600000000001,0.19756499999999999,0.197574,0.19758200000000001,0.19759099999999999,0.19759699999999999,0.197606,0.19761400000000001,0.19762299999999999,0.197632,0.19764100000000001,0.19764899999999999,0.197658,0.19766400000000001,0.19767299999999999,0.197681,0.19769,0.19769900000000001,0.19770699999999999,0.197716,0.19772500000000001,0.19773099999999999,0.197739,0.19774800000000001,0.19775699999999999,0.197766,0.19777400000000001,0.19778299999999999,0.19778899999999999,0.1978,0.19780900000000001,0.19781799999999999,0.197824,0.19783200000000001,0.19783800000000001,0.197847,0.197856,0.19786400000000001,0.19787299999999999,0.197882,0.19789100000000001,0.19789899999999999,0.197905,0.19791700000000001,0.19792199999999999,0.197931,0.19794,0.19794900000000001,0.19795699999999999,0.197966,0.19797200000000001,0.19798099999999999,0.197989,0.197995,0.19800400000000001,0.19800999999999999,0.198021,0.19802700000000001,0.19803599999999999,0.198042,0.19805,0.19805900000000001,0.19806799999999999,0.198074,0.19808200000000001,0.19809099999999999,0.198097,0.198106,0.19811400000000001,0.19812299999999999,0.198132,0.19814000000000001,0.19814899999999999,0.198155,0.19816400000000001,0.19817199999999999,0.198181,0.19819000000000001,0.19819899999999999,0.19820699999999999,0.198216,0.19822500000000001,0.19823099999999999,0.198239,0.19824800000000001,0.19825699999999999,0.198265,0.19827700000000001,0.19828299999999999,0.198294,0.1983,0.19830900000000001,0.19831799999999999,0.198326,0.19833500000000001,0.19834099999999999,0.198353,0.19835800000000001,0.19836699999999999,0.198376,0.19838500000000001,0.19839300000000001,0.198402,0.198411,0.19841700000000001,0.19842499999999999,0.198434,0.19844300000000001,0.19845099999999999,0.19845699999999999,0.19846900000000001,0.19847500000000001,0.19848299999999999,0.198492,0.19850100000000001,0.19850999999999999,0.198518,0.19852700000000001,0.19853599999999999,0.198544,0.19855300000000001,0.19856199999999999,0.198571,0.19857900000000001,0.19858799999999999,0.198597,0.198605,0.19861400000000001,0.19862299999999999,0.198632,0.19863700000000001,0.19864599999999999,0.198655,0.19866400000000001,0.19866900000000001,0.19867799999999999,0.198687,0.19869600000000001,0.19870399999999999,0.198713,0.19872200000000001,0.19872999999999999,0.198736,0.198745,0.19875399999999999,0.19876199999999999,0.198771,0.19878000000000001,0.19878899999999999,0.198797,0.19880600000000001,0.19881199999999999,0.198823,0.19882900000000001,0.19883799999999999,0.198847,0.198855,0.19886400000000001,0.19887299999999999,0.198882,0.19888700000000001,0.19889599999999999,0.198905,0.19891600000000001,0.19892499999999999,0.198934,0.19894000000000001,0.19894800000000001,0.19895699999999999,0.198966,0.19897500000000001,0.19897999999999999,0.198989,0.19899800000000001,0.19900699999999999,0.19901199999999999,0.199021,0.19903299999999999,0.19903899999999999,0.199047,0.19905600000000001,0.19906499999999999,0.199073,0.19907900000000001,0.19909099999999999,0.199097,0.19910800000000001,0.19911699999999999,0.199126,0.199132,0.19914000000000001,0.19914899999999999,0.199158,0.19916600000000001,0.19917499999999999,0.199184,0.19919300000000001,0.19920099999999999,0.199207,0.199216,0.19922699999999999,0.19923299999999999,0.199239,0.19924800000000001,0.19925399999999999,0.19926199999999999,0.199271,0.19927700000000001,0.19928599999999999,0.199294,0.1993,0.19930899999999999,0.19931499999999999,0.199323,0.19933200000000001,0.19934099999999999,0.19935,0.199355,0.19936400000000001,0.19936999999999999,0.199382,0.19939000000000001,0.19939899999999999,0.199408,0.19941600000000001,0.19942199999999999,0.199431,0.19944000000000001,0.19944799999999999,0.19945399999999999,0.199463,0.19947200000000001,0.19947999999999999,0.199489,0.19949800000000001,0.19950399999999999,0.19951199999999999,0.199521,0.19953000000000001,0.19953799999999999,0.199547,0.19955300000000001,0.19956499999999999,0.19957,0.19957900000000001,0.19958799999999999,0.199597,0.199605,0.19961400000000001,0.19961999999999999,0.199629,0.19963700000000001,0.19964599999999999,0.199655,0.19966300000000001,0.19967199999999999,0.19967799999999999,0.19969000000000001,0.19969799999999999,0.199707,0.199713,0.19972200000000001,0.19972999999999999,0.199739,0.19974800000000001,0.19975399999999999,0.199765,0.199771,0.19978000000000001,0.19978799999999999,0.199797,0.19980600000000001,0.19981199999999999,0.199823,0.19982900000000001,0.19983799999999999,0.199847,0.199855,0.19986100000000001,0.199873,0.199878,0.19988700000000001,0.19989299999999999,0.199905,0.19991300000000001,0.19992199999999999,0.199931,0.199937,0.19994500000000001,0.19995399999999999,0.199963,0.19996900000000001,0.19997999999999999,0.199986,0.19999500000000001,0.20000299999999999,0.200012,0.200021,0.20002700000000001,0.20003799999999999,0.200044,0.20005300000000001,0.20006199999999999,0.20007,0.20007900000000001,0.20008799999999999,0.200096,0.20010500000000001,0.20011399999999999,0.200123,0.200131,0.20014000000000001,0.20014599999999999,0.200155,0.20016600000000001,0.20017199999999999,0.20017799999999999,0.200187,0.20019500000000001,0.20020399999999999,0.200213,0.20021900000000001,0.20022699999999999,0.200236,0.20024500000000001,0.20025299999999999,0.200262,0.200271,0.20028000000000001,0.20028799999999999,0.200294,0.20030600000000001,0.20031199999999999,0.20032,0.20032900000000001,0.20033799999999999,0.200346,0.20035500000000001,0.20036399999999999,0.20036999999999999,0.200378,0.20038700000000001,0.20039599999999999,0.200405,0.20041300000000001,0.20042199999999999,0.200431,0.20043900000000001,0.20044799999999999,0.200457,0.20046600000000001,0.20047400000000001,0.20048299999999999,0.200489,0.20049800000000001,0.20050299999999999,0.200512,0.200521,0.20053000000000001,0.20053799999999999,0.200544,0.20055300000000001,0.20056099999999999,0.20057,0.200576,0.20058500000000001,0.20059299999999999,0.200602,0.20060800000000001,0.20061699999999999,0.200625,0.200631,0.20064000000000001,0.20064899999999999,0.200657,0.20066300000000001,0.20067199999999999,0.200681,0.20068900000000001,0.20069500000000001,0.20070399999999999,0.200713,0.20072100000000001,0.20072999999999999,0.200736,0.20074800000000001,0.20075299999999999,0.200762,0.20077100000000001,0.20077900000000001,0.20078799999999999,0.200797,0.20080600000000001,0.20081399999999999,0.200823,0.20083200000000001,0.20084099999999999,0.200849,0.20085800000000001,0.20086399999999999,0.200872,0.200881,0.20088700000000001,0.20089599999999999,0.200904,0.20091300000000001,0.20092199999999999,0.200928,0.200936,0.20094500000000001,0.20095399999999999,0.200963,0.20097100000000001,0.20097999999999999,0.200989,0.20099700000000001,0.20100299999999999,0.201012,0.20102100000000001,0.20102900000000001,0.20103799999999999,0.201047,0.20105600000000001,0.20106099999999999,0.20107,0.20107900000000001,0.20108799999999999,0.201096,0.201102,0.20111399999999999,0.201122,0.201131,0.20113700000000001,0.20114899999999999,0.201157,0.20116600000000001,0.201178,0.201183,0.20119200000000001,0.20120099999999999,0.201207,0.20121800000000001,0.20122399999999999,0.201233,0.201242,0.20125000000000001,0.20125899999999999,0.201265,0.20127400000000001,0.20128199999999999,0.201291,0.201297,0.20130600000000001,0.20131399999999999,0.201323,0.20132900000000001,0.20133799999999999,0.201346,0.20135500000000001,0.20136399999999999,0.201372,0.201381,0.20139000000000001,0.20139599999999999,0.201404,0.20141300000000001,0.20142199999999999,0.201431,0.20143900000000001,0.20144799999999999,0.201457,0.201463,0.20147100000000001,0.20147999999999999,0.201492,0.20149700000000001,0.20150599999999999,0.201515,0.20152400000000001,0.20152900000000001,0.201541,0.201547,0.20155500000000001,0.20156399999999999,0.201573,0.20158200000000001,0.20158999999999999,0.201599,0.20160800000000001,0.20161399999999999,0.201625,0.20163400000000001,0.20164299999999999,0.20164899999999999,0.201657,0.20166600000000001,0.20167499999999999,0.201683,0.20169200000000001,0.20170099999999999,0.201707,0.20171500000000001,0.20172399999999999,0.201733,0.201742,0.20175000000000001,0.20175599999999999,0.201765,0.20177300000000001,0.20178199999999999,0.201791,0.20180000000000001,0.20180500000000001,0.201817,0.201823,0.20183200000000001,0.20183999999999999,0.201849,0.20185800000000001,0.20186599999999999,0.201875,0.20188400000000001,0.20189299999999999,0.201901,0.20191000000000001,0.20191899999999999,0.201928,0.201933,0.20194200000000001,0.20194799999999999,0.201957,0.20196500000000001,0.20197399999999999,0.20197999999999999,0.201989,0.20199700000000001,0.20200599999999999,0.202015,0.20202100000000001,0.20202899999999999,0.202038,0.202044,0.20205300000000001,0.20206099999999999,0.20207,0.20207900000000001,0.20208699999999999,0.202096,0.202102,0.20211100000000001,0.20211899999999999,0.202128,0.20213700000000001,0.20214299999999999,0.202151,0.20216000000000001,0.20216899999999999,0.202177,0.202186,0.20219500000000001,0.20220099999999999,0.202209,0.20221800000000001,0.20222699999999999,0.202236,0.20224400000000001,0.20225299999999999,0.202262,0.20227000000000001,0.20227600000000001,0.202288,0.202294,0.20230200000000001,0.20231099999999999,0.20232,0.20232900000000001,0.20233699999999999,0.202343,0.202352,0.20236100000000001,0.20236899999999999,0.202375,0.20238400000000001,0.20239299999999999,0.202401,0.20241000000000001,0.20241899999999999,0.202427,0.202436,0.20244500000000001,0.202454,0.202462,0.20247100000000001,0.20247999999999999,0.202488,0.20249700000000001,0.20250299999999999,0.202512,0.20252000000000001,0.20252899999999999,0.202538,0.202544,0.20255200000000001,0.20256099999999999,0.20257,0.20257900000000001,0.20258399999999999,0.202593,0.202602,0.20261299999999999,0.20261899999999999,0.202628,0.20263700000000001,0.20264499999999999,0.202654,0.20266300000000001,0.20267199999999999,0.202677,0.20268900000000001,0.20269499999999999,0.202704,0.202712,0.20272100000000001,0.20272999999999999,0.202738,0.20274700000000001,0.20275299999999999,0.202765,0.20277000000000001,0.20278199999999999,0.202788,0.20279900000000001,0.20280500000000001,0.20281399999999999,0.20282,0.20282800000000001,0.20283999999999999,0.202846,0.20285500000000001,0.20286299999999999,0.202872,0.20288100000000001,0.20288999999999999,0.202898,0.202904,0.20291300000000001,0.20292199999999999,0.20293,0.20293900000000001,0.20294499999999999,0.202956,0.202962,0.20297100000000001,0.20297999999999999,0.202985,0.20299700000000001,0.20300299999999999,0.203012,0.20302000000000001,0.20302899999999999,0.203038,0.203046,0.20305500000000001,0.20306399999999999,0.203073,0.20307800000000001,0.20308699999999999,0.203096,0.20310500000000001,0.20311299999999999,0.20311899999999999,0.20313100000000001,0.20313700000000001,0.20314499999999999,0.203154,0.20316300000000001,0.20317099999999999,0.20318,0.20318900000000001,0.20319499999999999,0.203206,0.203212,0.20322100000000001,0.20322999999999999,0.203238,0.20324700000000001,0.20325599999999999,0.203262,0.20327000000000001,0.20327899999999999,0.203288,0.203296,0.20330500000000001,0.20331399999999999,0.203323,0.20333100000000001,0.20333999999999999,0.203349,0.20335700000000001,0.20336599999999999,0.203375,0.20338400000000001,0.20339199999999999,0.203401,0.20341000000000001,0.20341899999999999,0.203427,0.20343600000000001,0.20344200000000001,0.20344999999999999,0.203459,0.20346800000000001,0.20347699999999999,0.203485,0.20349400000000001,0.20350299999999999,0.203509,0.203517,0.20352600000000001,0.20353499999999999,0.203543,0.20354900000000001,0.20355799999999999,0.203567,0.20357500000000001,0.20358399999999999,0.203593,0.203599,0.20360700000000001,0.20361599999999999,0.203625,0.20363400000000001,0.20364199999999999,0.203651,0.20366000000000001,0.20366600000000001,0.20367399999999999,0.203683,0.20369200000000001,0.20369999999999999,0.203709,0.20371800000000001,0.20372399999999999,0.203735,0.20374400000000001,0.20374999999999999,0.203759,0.20377000000000001,0.20377899999999999,0.20378499999999999,0.203793,0.20380200000000001,0.20381099999999999,0.20382,0.20382800000000001,0.20383699999999999,0.203846,0.20385400000000001,0.20386299999999999,0.20386899999999999,0.20388100000000001,0.20388600000000001,0.20389499999999999,0.203904,0.20391000000000001,0.20391799999999999,0.20393,0.20393600000000001,0.20394499999999999,0.203953,0.203962,0.20396800000000001,0.20397699999999999,0.203985,0.20399400000000001,0.20400299999999999,0.204009,0.20402000000000001,0.20402600000000001,0.20403499999999999,0.204043,0.20405200000000001,0.20406099999999999,0.20407,0.20407500000000001,0.20408399999999999,0.204096,0.20410200000000001,0.20411000000000001,0.20411899999999999,0.204128,0.20413600000000001,0.20414499999999999,0.204154,0.20416300000000001,0.20417099999999999,0.20418,0.20418900000000001,0.20419499999999999,0.204203,0.204212,0.20422100000000001,0.20422899999999999,0.204238,0.20424700000000001,0.20425299999999999,0.204261,0.204267,0.20427899999999999,0.204288,0.20429600000000001,0.20430499999999999,0.20431099999999999,0.20432,0.20432800000000001,0.20433399999999999,0.204346,0.20435400000000001,0.20436299999999999,0.204372,0.204378,0.20438600000000001,0.20439499999999999,0.204404,0.20441300000000001,0.20442099999999999,0.20443,0.20443900000000001,0.20444699999999999,0.204456,0.204462,0.20447100000000001,0.20447899999999999,0.204488,0.20449400000000001,0.20450299999999999,0.204511,0.20452000000000001,0.20452899999999999,0.20453499999999999,0.204543,0.20455200000000001,0.20456099999999999,0.204567,0.20457800000000001,0.20458399999999999,0.204593,0.20460100000000001,0.20460700000000001,0.20461599999999999,0.204625,0.20463100000000001,0.20464199999999999,0.204648,0.20465700000000001,0.20466500000000001,0.20467399999999999,0.204683,0.20468900000000001,0.20469699999999999,0.204706,0.20471200000000001,0.20472099999999999,0.20472899999999999,0.204738,0.20474700000000001,0.20475299999999999,0.204764,0.20477000000000001,0.20477899999999999,0.204787,0.20479600000000001,0.20480499999999999,0.20481099999999999,0.204822,0.20482800000000001,0.20483699999999999,0.204846,0.20485100000000001,0.20485999999999999,0.204869,0.204878,0.20488300000000001,0.20489499999999999,0.204904,0.20491000000000001,0.20492099999999999,0.204927,0.20493900000000001,0.20494399999999999,0.204953,0.20496200000000001,0.20497099999999999,0.20497899999999999,0.204988,0.20499700000000001,0.20500299999999999,0.205011,0.20502000000000001,0.20502899999999999,0.205037,0.20504600000000001,0.20505499999999999,0.205064,0.205069,0.20507800000000001,0.20508699999999999,0.205096,0.20510400000000001,0.20511299999999999,0.205122,0.20513000000000001,0.20513899999999999,0.205148,0.205154,0.20516200000000001,0.20517099999999999,0.20518,0.20518900000000001,0.20519399999999999,0.205206,0.20521200000000001,0.20522099999999999,0.20522599999999999,0.205238,0.20524700000000001,0.20525499999999999,0.205264,0.20527000000000001,0.20527899999999999,0.205287,0.20529600000000001,0.20530499999999999,0.205313,0.205322,0.20532800000000001,0.20533699999999999,0.205345,0.20535400000000001,0.20536299999999999,0.205372,0.20538000000000001,0.20538899999999999,0.205398,0.20540700000000001,0.20541499999999999,0.20542099999999999,0.20543,0.20543800000000001,0.20544999999999999,0.205456,0.20546500000000001,0.20547000000000001,0.20547899999999999,0.205488,0.20549700000000001,0.20550199999999999,0.205514,0.20552300000000001,0.20552899999999999,0.205537,0.20554900000000001,0.20555499999999999,0.205563,0.205572,0.20558100000000001,0.20558999999999999,0.205595,0.20560400000000001,0.20561299999999999,0.205622,0.20563000000000001,0.20563899999999999,0.205648,0.205654,0.20566200000000001,0.20567099999999999,0.20568,0.20568800000000001,0.20569699999999999,0.205706,0.20571200000000001,0.20572299999999999,0.205729,0.20574100000000001,0.20574700000000001,0.20575499999999999,0.205764,0.20577300000000001,0.20578099999999999,0.205787,0.20579900000000001,0.20580499999999999,0.205813,0.205822,0.20583099999999999,0.20583699999999999,0.205845,0.20585400000000001,0.20586299999999999,0.205872,0.20588000000000001,0.20588899999999999,0.205898,0.20590600000000001,0.20591499999999999,0.205924,0.205933,0.20594100000000001,0.20594999999999999,0.205959,0.20596700000000001,0.20597299999999999,0.205982,0.20599100000000001,0.20599899999999999,0.206008,0.20601700000000001,0.20602599999999999,0.20603399999999999,0.206043,0.20605200000000001,0.20605799999999999,0.206066,0.20607800000000001,0.20608399999999999,0.206092,0.20610100000000001,0.20610999999999999,0.206119,0.206124,0.20613300000000001,0.20614199999999999,0.206151,0.20615900000000001,0.20616799999999999,0.206177,0.20618300000000001,0.20619100000000001,0.20619999999999999,0.206209,0.20621700000000001,0.20622299999999999,0.206235,0.20624100000000001,0.20625199999999999,0.206258,0.206264,0.20627599999999999,0.20628099999999999,0.206293,0.20629900000000001,0.20630799999999999,0.206316,0.20632500000000001,0.20633099999999999,0.20633899999999999,0.206348,0.20635700000000001,0.20636599999999999,0.206374,0.20638000000000001,0.20639199999999999,0.206398,0.20640600000000001,0.20641499999999999,0.20642099999999999,0.20643,0.20643800000000001,0.20644699999999999,0.206456,0.20646200000000001,0.20646999999999999,0.206479,0.206488,0.20649600000000001,0.20650499999999999,0.206514,0.20652300000000001,0.20652799999999999,0.206537,0.20654900000000001,0.20655499999999999,0.206563,0.206569,0.20657800000000001,0.20658699999999999,0.206595,0.20660400000000001,0.20661299999999999,0.206621,0.20663000000000001,0.20663599999999999,0.206645,0.206653,0.20666200000000001,0.20667099999999999,0.20668,0.20668500000000001,0.20669399999999999,0.206706,0.20671200000000001,0.20671999999999999,0.206729,0.206735,0.20674600000000001,0.20675499999999999,0.206764,0.20677300000000001,0.20677799999999999,0.206787,0.20679600000000001,0.20680499999999999,0.206813,0.20682200000000001,0.20683099999999999,0.20683699999999999,0.206845,0.20685400000000001,0.20686299999999999,0.206871,0.20688000000000001,0.20688599999999999,0.206898,0.206903,0.20691200000000001,0.20692099999999999,0.20693,0.20693800000000001,0.20694699999999999,0.206953,0.20696100000000001,0.20696999999999999,0.206979,0.20698800000000001,0.20699600000000001,0.20700199999999999,0.207011,0.20702000000000001,0.20702799999999999,0.207037,0.20704600000000001,0.20705399999999999,0.20705999999999999,0.20707200000000001,0.20708099999999999,0.20708599999999999,0.207095,0.20710400000000001,0.20710999999999999,0.207121,0.20713000000000001,0.20713599999999999,0.207145,0.207153,0.20716200000000001,0.20717099999999999,0.207179,0.20718500000000001,0.20719399999999999,0.207203,0.20721100000000001,0.20721999999999999,0.207229,0.20723800000000001,0.20724600000000001,0.20725499999999999,0.207264,0.20727000000000001,0.20727799999999999,0.207287,0.20729600000000001,0.20730399999999999,0.207313,0.20732200000000001,0.20732800000000001,0.20733599999999999,0.207345,0.20735400000000001,0.20736299999999999,0.207371,0.20738000000000001,0.20738899999999999,0.207397,0.20740600000000001,0.20741499999999999,0.20742099999999999,0.207429,0.20743800000000001,0.20744699999999999,0.207456,0.20746100000000001,0.20746999999999999,0.207479,0.20748800000000001,0.20749600000000001,0.20750199999999999,0.207511,0.20751900000000001,0.20752799999999999,0.207537,0.20754600000000001,0.20755399999999999,0.20755999999999999,0.20757200000000001,0.20758099999999999,0.207589,0.207598,0.20760400000000001,0.20761199999999999,0.207621,0.20763000000000001,0.20763899999999999,0.207647,0.20765600000000001,0.20766499999999999,0.207674,0.20768200000000001,0.20768800000000001,0.20769699999999999,0.207706,0.20771100000000001,0.20771999999999999,0.207729,0.207737,0.20774599999999999,0.20775199999999999,0.207761,0.20776900000000001,0.20777499999999999,0.207787,0.20779600000000001,0.20780399999999999,0.20780999999999999,0.207819,0.20782800000000001,0.20783599999999999,0.207845,0.20785100000000001,0.20785999999999999,0.207868,0.20787700000000001,0.20788599999999999,0.207894,0.207903,0.20791200000000001,0.20792099999999999,0.207929,0.20793800000000001,0.20794699999999999,0.207955,0.20796400000000001,0.20797299999999999,0.207979,0.20798700000000001,0.20799599999999999,0.208005,0.208014,0.20801900000000001,0.20803099999999999,0.208037,0.20804800000000001,0.20805399999999999,0.208066,0.20807200000000001,0.20807800000000001,0.208089,0.208095,0.20810400000000001,0.20811199999999999,0.208121,0.20813000000000001,0.20813599999999999,0.208144,0.208153,0.20816200000000001,0.20817099999999999,0.208179,0.20818800000000001,0.20819399999999999,0.208205,0.20821100000000001,0.20821999999999999,0.208229,0.208235,0.20824300000000001,0.20825199999999999,0.208261,0.20826900000000001,0.20827499999999999,0.208284,0.20829300000000001,0.20830099999999999,0.20831,0.208316,0.20832500000000001,0.20833299999999999,0.208342,0.20835100000000001,0.20835899999999999,0.208368,0.20837700000000001,0.20838300000000001,0.208394,0.208403,0.20840900000000001,0.20841799999999999,0.208426,0.20843500000000001,0.20844399999999999,0.208452,0.20846100000000001,0.20846999999999999,0.208479,0.20849000000000001,0.20849599999999999,0.208505,0.208513,0.20852200000000001,0.20853099999999999,0.208537,0.20854500000000001,0.20855399999999999,0.208563,0.20857200000000001,0.20857999999999999,0.208589,0.208595,0.20860699999999999,0.20861199999999999,0.208621,0.20863000000000001,0.20863899999999999,0.208647,0.20865300000000001,0.20866199999999999,0.20866999999999999,0.208679,0.20868800000000001,0.20869399999999999,0.208702,0.20871100000000001,0.20871999999999999,0.208729,0.20873700000000001,0.20874599999999999,0.20875199999999999,0.208763,0.20877200000000001,0.20878099999999999,0.208787,0.20879800000000001,0.20880399999999999,0.208816,0.20882500000000001,0.20882999999999999,0.208839,0.20884800000000001,0.20885600000000001,0.20886199999999999,0.208874,0.20888000000000001,0.20888799999999999,0.208897,0.20890600000000001,0.20891199999999999,0.20891999999999999,0.208929,0.20893800000000001,0.20894699999999999,0.208955,0.20896400000000001,0.20897299999999999,0.208979,0.20898700000000001,0.20899300000000001,0.20900199999999999,0.20901,0.20901900000000001,0.20902799999999999,0.209037,0.20904500000000001,0.20905399999999999,0.209063,0.20907200000000001,0.20907700000000001,0.20908599999999999,0.209095,0.20910400000000001,0.20911199999999999,0.209121,0.20913000000000001,0.20913499999999999,0.209144,0.20915300000000001,0.20916199999999999,0.20916699999999999,0.209176,0.20918500000000001,0.20919599999999999,0.209205,0.20921100000000001,0.20922299999999999,0.209231,0.20923700000000001,0.20924599999999999,0.209255,0.209263,0.20927200000000001,0.20928099999999999,0.20929,0.20929800000000001,0.20930699999999999,0.209313,0.20932100000000001,0.20932999999999999,0.209339,0.20934800000000001,0.20935599999999999,0.209365,0.209374,0.20938300000000001,0.20938799999999999,0.209397,0.20940600000000001,0.20941499999999999,0.209423,0.209429,0.20943800000000001,0.20944599999999999,0.209455,0.20946400000000001,0.20946999999999999,0.209478,0.20948700000000001,0.20949599999999999,0.209505,0.209513,0.20952200000000001,0.209531,0.209537,0.20954500000000001,0.20955399999999999,0.209563,0.20957100000000001,0.20957999999999999,0.209589,0.209595,0.20960300000000001,0.209615,0.209624,0.20963000000000001,0.20964099999999999,0.209647,0.20965600000000001,0.20966399999999999,0.209673,0.20968200000000001,0.20968800000000001,0.20969599999999999,0.209705,0.20971400000000001,0.20972299999999999,0.209731,0.20974000000000001,0.20974899999999999,0.209757,0.20976600000000001,0.20977199999999999,0.209781,0.209787,0.20979800000000001,0.20980399999999999,0.209813,0.20982100000000001,0.20982999999999999,0.209839,0.209845,0.20985300000000001,0.20986199999999999,0.209871,0.20988000000000001,0.20988799999999999,0.209897,0.20990600000000001,0.20991399999999999,0.209923,0.20993200000000001,0.20994099999999999,0.209949,0.20995800000000001,0.20996699999999999,0.20997299999999999,0.209984,0.20999000000000001,0.20999899999999999,0.210007,0.21001600000000001,0.21002499999999999,0.210034,0.21004200000000001,0.21005099999999999,0.21006,0.210066,0.21007400000000001,0.21008299999999999,0.210092,0.21010000000000001,0.21010599999999999,0.210115,0.21012400000000001,0.21013200000000001,0.21014099999999999,0.210147,0.21015600000000001,0.21016399999999999,0.210173,0.21018200000000001,0.21018800000000001,0.21019599999999999,0.210205,0.21021400000000001,0.21022199999999999,0.210231,0.21024000000000001,0.21024899999999999,0.210257,0.21026300000000001,0.21027199999999999,0.210281,0.210289,0.21029800000000001,0.21030399999999999,0.210313,0.21032100000000001,0.21032999999999999,0.210336,0.210345,0.21035300000000001,0.21036199999999999,0.210371,0.21037900000000001,0.21038499999999999,0.210394,0.21040300000000001,0.21041099999999999,0.21042,0.210429,0.21043799999999999,0.21044599999999999,0.210455,0.21046400000000001,0.21046999999999999,0.210478,0.21048700000000001,0.21049300000000001,0.21050199999999999,0.21051300000000001,0.21051900000000001,0.210531,0.210539,0.21054800000000001,0.21055399999999999,0.210563,0.21056800000000001,0.21057699999999999,0.21057999999999999,0.210589,0.210592,0.21059700000000001,0.21060300000000001,0.21060599999999999
0.0,0.0026200000000000667,0.0052600000000000424,0.0076899999999999746,0.010159999999999947,0.012530000000000152,0.014599999999999946,0.016599999999999948,0.018569999999999975,0.020450000000000079,0.022210000000000063,0.023940000000000072,0.025470000000000104,0.027079999999999993,0.028490000000000126,0.029880000000000129,0.031230000000000091,0.032569999999999988,0.033800000000000052,0.034969999999999946,0.036080000000000112,0.03723999999999994,0.038280000000000092,0.039330000000000087,0.040359999999999951,0.041290000000000049,0.042159999999999975,0.042990000000000084,0.043619999999999992,0.044280000000000097,0.044890000000000096,0.045430000000000081,0.045980000000000132,0.046370000000000022,0.046699999999999964,0.047130000000000116,0.047590000000000021,0.048000000000000043,0.048410000000000064,0.048690000000000122,0.049020000000000064,0.049309999999999965,0.049690000000000012,0.050040000000000084,0.050450000000000106,0.050750000000000073,0.05109000000000008,0.051379999999999981,0.051780000000000159,0.05225000000000013,0.0527200000000001,0.053150000000000031,0.053560000000000052,0.054010000000000113,0.054420000000000135,0.054930000000000145,0.055360000000000076,0.055779999999999941,0.056150000000000144,0.056580000000000075,0.056960000000000122,0.057460000000000067,0.057960000000000012,0.058580000000000076,0.05922000000000005,0.059919999999999973,0.060690000000000133,0.06146000000000007,0.062380000000000102,0.063390000000000057,0.064429999999999987,0.065400000000000125,0.06645000000000012,0.067360000000000086,0.068320000000000158,0.069169999999999954,0.07020000000000004,0.07123999999999997,0.072310000000000096,0.07347999999999999,0.074799999999999978,0.076170000000000071,0.077579999999999982,0.079050000000000065,0.08065000000000011,0.082310000000000105,0.083990000000000009,0.085760000000000058,0.087560000000000082,0.089330000000000132,0.091110000000000024,0.092929999999999957,0.094820000000000126,0.096829999999999972,0.098850000000000104,0.1009500000000001,0.1031200000000001,0.10541,0.10760999999999998,0.10982000000000003,0.1120000000000001,0.11431000000000013,0.11656,0.11891000000000007,0.12125000000000008,0.12368000000000001,0.12600999999999996,0.12831000000000015,0.13083,0.13344,0.13617000000000012,0.13890000000000002,0.14163000000000014,0.14432,0.14714000000000005,0.14993999999999996,0.15290000000000004,0.15583999999999998,0.15877000000000008,0.16173000000000015,0.16461000000000015,0.16741000000000006,0.17030999999999996,0.17317000000000005,0.17592000000000008,0.17874000000000012,0.18158000000000007,0.18437000000000014,0.18725999999999998,0.19008000000000003,0.19286000000000003,0.19569999999999999,0.19857999999999998,0.20151000000000008,0.20449000000000006,0.20728000000000013,0.20999000000000012,0.21283000000000007,0.21555000000000013,0.21825000000000006,0.22106000000000003,0.22388000000000008,0.22656999999999994,0.22931000000000012,0.23199999999999998,0.23487000000000013,0.23780000000000001,0.24073000000000011,0.24347000000000008,0.24636000000000013,0.24917999999999996,0.25202000000000013,0.25485000000000002,0.25757000000000008,0.26027,0.26293000000000011,0.26549,0.26798000000000011,0.27066000000000012,0.27320999999999995,0.27587000000000006,0.27844000000000002,0.28099000000000007,0.28353000000000006,0.28625999999999996,0.28873000000000015,0.2914000000000001,0.29404000000000008,0.29672999999999994,0.2993300000000001,0.3019400000000001,0.30452000000000012,0.30713000000000013,0.3099400000000001,0.31275000000000008,0.31562000000000001,0.31838000000000011,0.32123000000000013,0.32393000000000005,0.32671000000000006,0.32943999999999996,0.33228999999999997,0.33523999999999998,0.33797999999999995,0.34069000000000016,0.34349000000000007,0.34631999999999996,0.34914000000000001,0.35192000000000001,0.35465999999999998,0.35738000000000003,0.36009000000000002,0.36267000000000005,0.36536000000000013,0.36800999999999995,0.37058000000000013,0.37305999999999995,0.37561,0.37819000000000003,0.38068999999999997,0.38329000000000013,0.38580999999999999,0.38851000000000013,0.39124000000000003,0.39397000000000015,0.39671999999999996,0.39951000000000003,0.40232000000000001,0.40515000000000012,0.40802000000000005,0.41085000000000016,0.41361000000000003,0.41629000000000005,0.41913,0.42196999999999996,0.42490000000000006,0.42776999999999998,0.43061000000000016,0.43354000000000004,0.43650999999999995,0.43945999999999996,0.44250999999999996,0.44547000000000025,0.44823000000000013,0.45096000000000025,0.45366000000000017,0.45631999999999984,0.45894000000000013,0.46153999999999984,0.46404999999999985,0.46666000000000007,0.46926000000000023,0.47184999999999988,0.47448999999999986,0.47716000000000003,0.47994000000000003,0.48277999999999999,0.48553999999999986,0.48830000000000018,0.49108000000000018,0.49375999999999998,0.49655000000000005,0.4994200000000002,0.50226000000000015,0.50506999999999991,0.5077799999999999,0.5104700000000002,0.51316000000000006,0.51587000000000005,0.51856999999999998,0.52132999999999985,0.52403999999999984,0.52660000000000018,0.52918999999999983,0.5318900000000002,0.53454999999999986,0.5372300000000001,0.5400100000000001,0.54273000000000016,0.5454699999999999,0.54817000000000027,0.55100000000000016,0.55393000000000026,0.55681000000000003,0.55966000000000005,0.56260999999999983,0.56551000000000018,0.56837999999999989,0.57120000000000015,0.57413000000000025,0.57703000000000015,0.57975999999999983,0.58257000000000003,0.5852400000000002,0.58800000000000008,0.59072000000000013,0.59345000000000026,0.59616000000000025,0.59901999999999989,0.60176000000000007,0.60449000000000019,0.60722999999999994,0.60996000000000006,0.61270000000000024,0.61541999999999986,0.61805999999999983,0.6208499999999999,0.62356999999999996,0.62624000000000013,0.62889000000000017,0.63149999999999995,0.63358000000000025,0.6349800000000001,0.63628000000000018,0.63758000000000026,0.63899000000000017,0.64041000000000015,0.64179999999999993,0.64314999999999989,0.64460000000000006,0.64607999999999999,0.64828000000000019,0.65100999999999987,0.65405999999999986,0.65698999999999996,0.65994000000000019,0.66274999999999995,0.66566999999999998,0.66868000000000016,0.67173000000000016,0.67469000000000001,0.67761000000000005,0.68066000000000004,0.68365000000000009,0.68666000000000027,0.68962000000000012,0.69267000000000012,0.69560000000000022,0.69851000000000019,0.70141000000000009,0.70440000000000014,0.70733000000000024,0.71025000000000027,0.71307000000000009,0.71594999999999986,0.71880999999999995,0.72170999999999985,0.72468000000000021,0.72767000000000026,0.73062000000000005,0.7335799999999999,0.73638000000000003,0.73919000000000024,0.74199999999999999,0.74482000000000026,0.74768999999999997,0.75050000000000017,0.75328000000000017,0.75599000000000016,0.75871000000000022,0.76156000000000024,0.76444000000000001,0.76727999999999996,0.77023000000000019,0.77305000000000001,0.77586999999999984,0.77866999999999997,0.78156999999999988,0.78434000000000026,0.7872300000000001,0.79005999999999998,0.79299000000000008,0.79597000000000007,0.79881000000000002,0.80160000000000009,0.8043499999999999,0.80711999999999984,0.80989000000000022,0.81274000000000024,0.81550000000000011,0.81818999999999997,0.82077,0.82346999999999992,0.82629000000000019,0.82919000000000009,0.83212000000000019,0.8349899999999999,0.83784999999999998,0.83662999999999998,0.83302999999999994,0.82962000000000025,0.82623999999999986,0.82272999999999996,0.81918999999999986,0.81589,0.81255999999999995,0.80925000000000002,0.80603000000000025,0.80686999999999998,0.81016999999999983,0.81326000000000009,0.81654999999999989,0.81973999999999991,0.82311000000000023,0.82627000000000006,0.82948999999999984,0.83273000000000019,0.83596000000000004,0.83918000000000026,0.84231999999999996,0.84549999999999992,0.84860999999999986,0.85175000000000001,0.85487000000000002,0.85787000000000013,0.86092000000000013,0.86398000000000019,0.86691999999999991,0.86999000000000004,0.87313000000000018,0.87626999999999988,0.87942000000000009,0.88256000000000023,0.88556999999999997,0.88865000000000016,0.89158999999999988,0.89464999999999995,0.89775999999999989,0.90070000000000006,0.90359999999999996,0.90661000000000014,0.90945000000000009,0.91238000000000019,0.91537999999999986,0.91848000000000019,0.92161999999999988,0.92465000000000019,0.92774000000000001,0.93087000000000009,0.93398000000000003,0.93696000000000002,0.94006999999999996,0.94304999999999994,0.94607000000000019,0.94904000000000011,0.95216000000000012,0.95516000000000023,0.95812000000000008,0.96113999999999988,0.96424000000000021,0.96729000000000021,0.97041000000000022,0.97352000000000016,0.97665000000000024,0.97972999999999999,0.98274000000000017,0.98587999999999987,0.98899000000000026,0.99201000000000006,0.99493000000000009,0.99800999999999984,1.0009999999999999,1.0040499999999999,1.0070100000000002,1.0100500000000001,1.01308,1.0161099999999998,1.0189900000000001,1.02203,1.0250500000000002,1.0281099999999999,1.03112,1.0342199999999999,1.03721,1.0401500000000001,1.04305,1.04603,1.0491700000000002,1.05227,1.0552600000000001,1.0581300000000002,1.0611199999999998,1.0641099999999999,1.0672199999999998,1.0703200000000002,1.0733999999999999,1.0763600000000002,1.07931,1.0822400000000001,1.0853000000000002,1.0884,1.0914800000000002,1.0945200000000002,1.0975000000000001,1.1004399999999999,1.1033400000000002,1.1063000000000001,1.10934,1.1122700000000001,1.1153300000000002,1.1182799999999999,1.1211899999999999,1.1240800000000002,1.1268400000000001,1.12974,1.1326700000000001,1.1356899999999999,1.1384400000000001,1.1413000000000002,1.1440700000000001,1.1470099999999999,1.1499700000000002,1.15286,1.1558199999999998,1.1587499999999999,1.1616400000000002,1.1646200000000002,1.1676899999999999,1.1705999999999999,1.1734499999999999,1.17631,1.1792099999999999,1.1821199999999998,1.18499,1.1878100000000003,1.1907900000000002,1.1936900000000001,1.1966600000000001,1.1997200000000001,1.2028099999999999,1.20574,1.20872,1.2117200000000001,1.2149000000000001,1.2179500000000001,1.2209699999999999,1.22404,1.2270300000000001,1.23014,1.2332200000000002,1.2364700000000002,1.2395100000000001,1.2425600000000001,1.2455699999999998,1.2487300000000001,1.25176,1.25481,1.2577400000000001,1.2606999999999999,1.26363,1.2665800000000003,1.2695500000000002,1.2726800000000003,1.2758000000000003,1.2786599999999999,1.2816200000000002,1.2845400000000002,1.2875800000000002,1.2905500000000001,1.2935099999999999,1.2965300000000002,1.2995399999999999,1.3024100000000001,1.30538,1.3084000000000002,1.31142,1.3144200000000001,1.3174999999999999,1.3204700000000003,1.3235600000000001,1.3265500000000001,1.32958,1.33256,1.3355600000000001,1.3385199999999999,1.34152,1.3443399999999999,1.3471199999999999,1.34998,1.3527800000000001,1.35568,1.3584800000000001,1.3613200000000001,1.3640099999999999,1.3669700000000002,1.3698700000000001,1.3729300000000002,1.37602,1.3790800000000001,1.3821599999999998,1.3852600000000002,1.3884099999999999,1.3916300000000001,1.3948300000000002,1.39805,1.4012500000000001,1.4044300000000001,1.4076599999999999,1.41073,1.4138899999999999,1.4169499999999999,1.4201100000000002,1.4231799999999999,1.42625,1.4292400000000001,1.4322300000000001,1.4352200000000002,1.43832,1.4414400000000001,1.44462,1.4477799999999998,1.4510399999999999,1.4542000000000002,1.4574799999999999,1.4607200000000002,1.4640300000000002,1.4674200000000002,1.4706800000000002,1.4740100000000003,1.4771700000000001,1.4803199999999999,1.4833500000000002,1.4864700000000002,1.4894799999999999,1.4925600000000001,1.4955799999999999,1.4986000000000002,1.5015499999999999,1.5045999999999999,1.50752,1.5105200000000001,1.51363,1.5168400000000002,1.52007,1.52319,1.5260899999999999,1.52888,1.53165,1.5344500000000001,1.5373900000000003,1.54026,1.5432100000000002,1.54603,1.54888,1.5518399999999999,1.5550199999999998,1.5582199999999999,1.56155,1.5648400000000002,1.5682,1.5714999999999999,1.5748100000000003,1.5779800000000002,1.5811800000000003,1.5843099999999999,1.5875599999999999,1.59083,1.5940799999999999,1.5973600000000001,1.6004,1.6034800000000002,1.6065,1.60975,1.61294,1.6162000000000001,1.6194999999999999,1.6227200000000002,1.62595,1.62927,1.6326499999999999,1.6360999999999999,1.6393499999999999,1.6426500000000002,1.6459100000000002,1.6492100000000001,1.6523699999999999,1.6555,1.6587000000000001,1.6617800000000003,1.66486,1.6678500000000001,1.6710000000000003,1.6741700000000002,1.6772800000000001,1.6803400000000002,1.6835,1.6865900000000003,1.68974,1.6928299999999998,1.69611,1.6992099999999999,1.70242,1.7055099999999999,1.70878,1.7120100000000003,1.7151900000000002,1.7184400000000002,1.7215799999999999,1.7247500000000002,1.7279599999999999,1.73129,1.7344400000000002,1.73759,1.74065,1.7437100000000001,1.7467299999999999,1.7499500000000001,1.7530100000000002,1.7561599999999999,1.75915,1.7622200000000001,1.7653300000000001,1.7686100000000002,1.7717499999999999,1.7750300000000001,1.7783000000000002,1.7814999999999999,1.78478,1.7880799999999999,1.7913299999999999,1.79447,1.7977400000000001,1.80084,1.8039499999999999,1.8063700000000003,1.8088600000000001,1.81135,1.8137600000000003,1.8161100000000001,1.8185700000000002,1.8210199999999999,1.8234300000000001,1.82578,1.8283499999999999,1.8313800000000002,1.8345099999999999,1.8375900000000001,1.8407400000000003,1.84396,1.8471299999999999,1.85026,1.8533900000000001,1.8565800000000001,1.8597299999999999,1.8629500000000001,1.8661699999999999,1.86944,1.8726099999999999,1.8758599999999999,1.8789600000000002,1.8822299999999998,1.8854899999999999,1.8888000000000003,1.8920400000000002,1.8952300000000002,1.89825,1.9012099999999998,1.90421,1.9072,1.9103500000000002,1.9135499999999999,1.9166300000000001,1.9196400000000002,1.92272,1.9257900000000001,1.9291200000000002,1.93235,1.9356,1.93865,1.9417300000000002,1.94468,1.9478200000000001,1.9509099999999999,1.9539599999999999,1.9569900000000002,1.95994,1.9629799999999999,1.96604,1.9687600000000001,1.9706899999999998,1.9724599999999999,1.9740199999999999,1.97566,1.9773399999999999,1.9790100000000002,1.98055,1.9821,1.9836399999999998,1.9855700000000001,1.9883000000000002,1.9913799999999999,1.9944600000000001,1.9976400000000001,2.0007299999999999,2.0038900000000002,2.00691,2.0099499999999999,2.0126300000000001,2.0152600000000001,2.0178400000000001,2.0202200000000001,2.0226600000000001,2.0249899999999998,2.02725,2.02963,2.0320900000000002,2.0345,2.0373700000000001,2.0402100000000001,2.0431500000000002,2.0460699999999998,2.0491600000000001,2.0521199999999999,2.0552999999999999,2.0583300000000002,2.0614300000000001,2.06453,2.0676000000000001,2.0707599999999999,2.0737900000000002,2.07694,2.0800800000000002,2.08325,2.0862699999999998,2.08948,2.0926800000000001,2.0960700000000001,2.0992999999999999,2.10263,2.1059600000000001,2.1093000000000002,2.1124900000000002,2.1157500000000002,2.1190500000000001,2.1222400000000001,2.1254300000000002,2.1285699999999999,2.13184,2.1351200000000001,2.13829,2.1414200000000001,2.1446499999999999,2.14784,2.15117,2.1545399999999999,2.1579600000000001,2.1612200000000001,2.1645699999999999,2.1679400000000002,2.1714500000000001,2.1748699999999999,2.17828,2.18167,2.18512,2.18845,2.19197,2.1953,2.19861,2.2018400000000002,2.20505,2.2083900000000001,2.2117599999999999,2.21509,2.21834,2.2216,2.22479,2.2281,2.23149,2.2349600000000001,2.2382499999999999,2.2415600000000002,2.24472,2.2480899999999999,2.2513399999999999,2.25461,2.2578,2.2610800000000002,2.2643300000000002,2.26755,2.2709100000000002,2.2742800000000001,2.27765,2.28098,2.2843800000000001,2.2877999999999998,2.29121,2.2943700000000002,2.2975500000000002,2.3006600000000001,2.3037299999999998,2.3067000000000002,2.30985,2.3129400000000002,2.3161200000000002,2.3191999999999999,2.3222100000000001,2.32544,2.3286600000000002,2.3319399999999999,2.3353000000000002,2.33866,2.34198,2.3452999999999999,2.3485900000000002,2.3519900000000002,2.3555299999999999,2.3590599999999999,2.3624200000000002,2.3657400000000002,2.36896,2.3723700000000001,2.3756200000000001,2.3789600000000002,2.38212,2.38523,2.3881900000000003,2.39127,2.3944900000000002,2.3976800000000003,2.4010400000000001,2.4043000000000001,2.4076599999999999,2.4109500000000001,2.41431,2.4176100000000003,2.4209900000000002,2.4243399999999999,2.42774,2.4310800000000001,2.43438,2.43757,2.4407200000000002,2.4438100000000005,2.4470899999999998,2.4503200000000001,2.45363,2.4569300000000003,2.4601799999999998,2.4634300000000002,2.4665899999999996,2.4697799999999996,2.4730399999999997,2.4764500000000003,2.4797899999999999,2.4831600000000003,2.4864599999999997,2.4898000000000002,2.4930600000000003,2.4963400000000004,2.49973,2.5032999999999999,2.5066900000000003,2.5100799999999999,2.5134599999999998,2.5169000000000001,2.5202700000000005,2.5236300000000003,2.5269999999999997,2.53037,2.5337600000000005,2.5371099999999998,2.5404399999999998,2.5437400000000001,2.5469399999999998,2.5501,2.5534700000000004,2.55681,2.5601699999999998,2.5634799999999998,2.5667899999999997,2.5699999999999998,2.5733999999999999,2.5768200000000001,2.5802499999999999,2.5836200000000002,2.5869300000000002,2.5903399999999999,2.5937399999999999,2.5970499999999999,2.6004200000000002,2.6035800000000004,2.6067199999999997,2.6098200000000005,2.6129799999999999,2.61626,2.6192699999999998,2.6222600000000003,2.6252,2.6283299999999996,2.6312799999999998,2.6346000000000003,2.6377799999999998,2.6410899999999997,2.6443800000000004,2.6476599999999997,2.6510500000000001,2.6544700000000003,2.6579200000000003,2.6613099999999998,2.6649100000000003,2.6683400000000002,2.6718300000000004,2.6753100000000001,2.67869,2.6821300000000003,2.6856300000000002,2.6890199999999997,2.6924600000000001,2.6959300000000002,2.6993899999999997,2.7028399999999997,2.7063299999999999,2.70966,2.7131700000000003,2.7165399999999997,2.7200099999999998,2.7234700000000003,2.7269900000000002,2.7304100000000004,2.7338900000000002,2.7372600000000005,2.7406799999999998,2.7441099999999996,2.7475299999999998,2.7510600000000003,2.7544299999999997,2.7577900000000004,2.7610699999999997,2.7644699999999998,2.7676900000000004,2.7710200000000005,2.7743300000000004,2.7776799999999997,2.7809599999999999,2.7841999999999998,2.7875000000000001,2.7907899999999999,2.7940299999999998,2.7972800000000002,2.8005099999999996,2.80376,2.8065500000000001,2.8092999999999999,2.8120800000000004,2.8149500000000001,2.8178300000000003,2.8207099999999996,2.8237000000000001,2.8266000000000004,2.8296600000000001,2.8326899999999999,2.83616,2.8395100000000002,2.8428999999999998,2.8462400000000003,2.8496799999999998,2.8529399999999998,2.85615,2.8593800000000003,2.8625399999999996,2.8657100000000004,2.8689500000000003,2.8722600000000003,2.8754199999999996,2.8786999999999998,2.88198,2.8854099999999998,2.8887800000000001,2.8922200000000005,2.89568,2.8990700000000005,2.9023600000000003,2.9056799999999998,2.90903,2.9123100000000002,2.9154700000000005,2.9187400000000001,2.92205,2.9254400000000005,2.92862,2.9318599999999999,2.9350900000000002,2.93845,2.9417199999999997,2.9449999999999998,2.9482599999999999,2.9514200000000002,2.95459,2.9575499999999999,2.9607100000000002,2.9638399999999998,2.9669700000000003,2.9700400000000005,2.9731799999999997,2.9763699999999997,2.9796299999999998,2.9829300000000001,2.9861799999999996,2.9896600000000002,2.9931199999999998,2.9966199999999996,3.0002,3.0038199999999997,3.0073099999999999,3.0107500000000003,3.0142599999999997,3.0178600000000002,3.0214300000000001,3.0248599999999999,3.02833,3.0318700000000001,3.0353600000000003,3.0387600000000003,3.0423800000000001,3.0459799999999997,3.0495300000000003,3.0530300000000001,3.0564300000000002,3.0600299999999998,3.0635299999999996,3.0671000000000004,3.0706099999999998,3.0740700000000003,3.0774599999999999,3.0808800000000001,3.0841999999999996,3.0875100000000004,3.0908900000000004,3.0940299999999996,3.0972199999999996,3.1002399999999999,3.10331,3.1062800000000004,3.1092900000000001,3.1122600000000005,3.1153299999999997,3.1183700000000001,3.1215300000000004,3.1246699999999996,3.1278900000000003,3.1310499999999997,3.1341100000000002,3.1373599999999997,3.1406500000000004,3.1439400000000002,3.1471100000000001,3.1504299999999996,3.1536199999999996,3.1569300000000005,3.1600699999999997,3.16337,3.1666599999999998,3.1699899999999999,3.1733300000000004,3.1766900000000002,3.1800099999999998,3.1834599999999997,3.1868000000000003,3.19014,3.1935499999999997,3.1970300000000003,3.2004899999999998,3.2037999999999998,3.2071099999999997,3.2104199999999996,3.2137300000000004,3.2168800000000002,3.2201900000000001,3.2234399999999996,3.2267500000000005,3.2300900000000001,3.2334499999999999,3.2369600000000003,3.24044,3.2439000000000004,3.2474099999999999,3.25095,3.2544800000000005,3.2578499999999999,3.2609499999999998,3.26397,3.2669299999999999,3.26972,3.2724199999999999,3.2749999999999999,3.2776200000000002,3.2803200000000001,3.2830699999999999,3.2859200000000004,3.2888699999999997,3.2920000000000003,3.2951599999999996,3.2985599999999997,3.3020099999999997,3.3056399999999999,3.3090899999999999,3.3125500000000003,3.3158499999999997,3.3192800000000005,3.3227699999999998,3.3261800000000004,3.3295800000000004,3.33283,3.33623,3.3396399999999997,3.3431099999999998,3.3464100000000001,3.3499300000000001,3.35338,3.3570300000000004,3.3604499999999997,3.3639399999999999,3.3673899999999999,3.3708399999999998,3.37426,3.3776899999999999,3.3811700000000005,3.3846599999999998,3.3879899999999998,3.3912400000000003,3.3946999999999998,3.3982300000000003,3.4016499999999996,3.4050600000000002,3.4084499999999998,3.4117799999999998,3.4151799999999999,3.4184300000000003,3.4216799999999998,3.4246700000000003,3.4274600000000004,3.4301299999999997,3.4329699999999996,3.4356899999999997,3.4384200000000003,3.4410000000000003,3.4437000000000002,3.4464799999999998,3.4494500000000001,3.4525299999999999,3.4558500000000003,3.4591999999999996,3.4625100000000004,3.4659299999999997,3.46949,3.47315,3.4766600000000003,3.48021,3.4836800000000001,3.4872000000000001,3.4906799999999998,3.4941900000000001,3.4976699999999998,3.5011500000000004,3.5045199999999999,3.5079899999999999,3.5113999999999996,3.5148199999999998,3.5181900000000002,3.5215400000000003,3.5248300000000001,3.5281899999999999,3.5315299999999996,3.5347899999999997,3.5379799999999997,3.5410999999999997,3.5442199999999997,3.5470900000000003,3.5500500000000001,3.5530000000000004,3.5559300000000005,3.5588700000000002,3.5617699999999997,3.5647300000000004,3.5677699999999999,3.5708100000000003,3.57396,3.5772900000000001,3.5807199999999999,3.5839700000000003,3.5872899999999999,3.59057,3.59395,3.5973700000000002,3.6007900000000004,3.6042700000000001,3.6076400000000004,3.6111299999999997,3.6145799999999997,3.6182300000000001,3.6218299999999997,3.6255099999999998,3.6292300000000002,3.6327900000000004,3.6363600000000003,3.6400200000000003,3.6435299999999997,3.6470199999999999,3.6504400000000001,3.6539100000000002,3.6573499999999997,3.66079,3.6641699999999999,3.6675499999999999,3.6709600000000004,3.6743200000000003,3.6779100000000002,3.6814500000000003,3.6850000000000001,3.6886300000000003,3.6922400000000004,3.6958100000000003,3.6994399999999996,3.70302,3.7067299999999999,3.7104199999999996,3.7141199999999999,3.7177799999999999,3.7214399999999999,3.7250400000000004,3.7287000000000003,3.7323499999999998,3.7359800000000001,3.7395499999999999,3.74302,3.7464600000000003,3.7499100000000003,3.7534199999999998,3.75698,3.7606199999999999,3.7642599999999997,3.7677700000000001,3.7713699999999997,3.7750900000000001,3.7788100000000004,3.7825500000000001,3.7862000000000005,3.7899800000000003,3.7937100000000004,3.7972500000000005,3.8007300000000002,3.8043900000000002,3.8079399999999999,3.8115599999999996,3.8151800000000002,3.8187799999999998,3.8224500000000003,3.8258699999999997,3.8292600000000001,3.8328900000000004,3.8365700000000005,3.84015,3.8437699999999997,3.8474299999999997,3.8511200000000003,3.8547699999999998,3.8584799999999997,3.8621300000000001,3.8660000000000001,3.8696899999999999,3.8734199999999999,3.8771600000000004,3.88083,3.88442,3.8879600000000001,3.8914700000000004,3.89493,3.8984700000000001,3.9019400000000002,3.9053099999999996,3.9086200000000004,3.9119800000000002,3.9153199999999999,3.9187800000000004,3.9221699999999999,3.9256300000000004,3.9290100000000003,3.9324499999999998,3.9358,3.9393100000000003,3.9428800000000002,3.94645,3.9500800000000003,3.9535700000000005,3.9571099999999997,3.96062,3.9642199999999996,3.9679300000000004,3.9715599999999998,3.9752199999999998,3.97878,3.9822099999999998,3.9856799999999999,3.9891600000000005,3.9926800000000005,3.99614,3.9996500000000004,4.0030699999999992,4.0065399999999993,4.0098900000000004,4.0135199999999998,4.0172000000000008,4.0207700000000006,4.0243699999999993,4.0279600000000002,4.0315300000000001,4.0350699999999993,4.0386400000000009,4.0421200000000006,4.0457199999999993,4.0491799999999998,4.0526199999999992,4.0561299999999996,4.0596700000000006,4.0631299999999992,4.0667200000000001,4.0699400000000008,4.0731900000000003,4.0764099999999992,4.0796100000000006,4.0827799999999996,4.0861000000000001,4.0892900000000001,4.0924600000000009,4.0956799999999998,4.0987100000000005,4.1011600000000001,4.1020299999999992,4.1027900000000006,4.1034699999999997,4.1041299999999996,4.1047799999999999,4.1054100000000009,4.1059300000000007,4.1064399999999992,4.1070200000000003,4.1086000000000009,4.1117500000000007,4.1151,4.1184100000000008,4.1217900000000007,4.1250999999999998,4.1285900000000009,4.13218,4.1358099999999993,4.1394900000000003,4.1430399999999992,4.1465200000000006,4.1500599999999999,4.1536200000000001,4.1571300000000004,4.1606699999999996,4.1640700000000006,4.1675900000000006,4.1710600000000007,4.1745999999999999,4.1781100000000002,4.1816899999999997,4.1852800000000006,4.1889400000000006,4.1926299999999994,4.1963899999999992,4.2000600000000006,4.2036499999999997,4.2071400000000008,4.2107799999999997,4.2144499999999994,4.2180800000000005,4.2216400000000007,4.2250999999999994,4.2285400000000006,4.2319499999999994,4.2354900000000004,4.2389600000000005,4.2425300000000004,4.2459199999999999,4.2493800000000004,4.2528100000000002,4.2563700000000004,4.2598500000000001,4.2633899999999993,4.2668400000000002,4.2703600000000002,4.27393,4.2774900000000002,4.2811000000000003,4.2847000000000008,4.2884399999999996,4.29209,4.2957400000000003,4.2993400000000008,4.3029399999999995,4.3065099999999994,4.3099900000000009,4.3131500000000003,4.3163099999999996,4.3193000000000001,4.3223800000000008,4.32531,4.3284400000000005,4.33141,4.3346,4.3377300000000005,4.3410100000000007,4.3446300000000004,4.3482400000000005,4.3519500000000004,4.3554899999999996,4.3591499999999996,4.3627699999999994,4.3664900000000006,4.3701699999999999,4.3739100000000004,4.3775499999999994,4.3811999999999998,4.3848800000000008,4.3885699999999996,4.39222,4.3960600000000003,4.3998500000000007,4.4036200000000001,4.4073700000000002,4.4111799999999999,4.4149700000000003,4.4187999999999992,4.4225999999999992,4.4264399999999995,4.4302299999999999,4.4338999999999995,4.4376599999999993,4.4414300000000004,4.4451400000000003,4.4488299999999992,4.45261,4.4563699999999997,4.4601000000000006,4.4637799999999999,4.4675799999999999,4.4713700000000003,4.4752299999999998,4.47898,4.4827200000000005,4.4864300000000004,4.4901599999999995,4.4938599999999997,4.4976099999999999,4.5014699999999994,4.5052400000000006,4.5091000000000001,4.5128199999999996,4.5165799999999994,4.5203900000000008,4.5242400000000007,4.5280699999999996,4.5319300000000009,4.5357599999999998,4.5396199999999993,4.5435099999999995,4.5473800000000004,4.5512899999999998,4.5553500000000007,4.5592299999999994,4.5630600000000001,4.5668900000000008,4.5706500000000005,4.5745000000000005,4.5782500000000006,4.5819899999999993,4.5856499999999993,4.5893499999999996,4.5930199999999992,4.5968499999999999,4.6006700000000009,4.6044800000000006,4.6083300000000005,4.6121300000000005,4.6158699999999993,4.6197400000000002,4.6235700000000008,4.6274499999999996,4.6311700000000009,4.6349099999999996,4.6387699999999992,4.6425699999999992,4.6462000000000003,4.6498299999999997,4.6536000000000008,4.6573399999999996,4.6610200000000006,4.6646800000000006,4.6684000000000001,4.67211,4.6757600000000004,4.67943,4.6833200000000001,4.6871500000000008,4.6909700000000001,4.6947399999999995,4.6985500000000009,4.7022899999999996,4.7060600000000008,4.7096900000000002,4.7133500000000002,4.7170199999999998,4.7206600000000005,4.7242499999999996,4.7277699999999996,4.7312799999999999,4.7348400000000002,4.7384900000000005,4.7421500000000005,4.7457600000000006,4.7492699999999992,4.7528699999999997,4.7565200000000001,4.7602399999999996,4.7639399999999998,4.7677700000000005,4.7714599999999994,4.77515,4.7787199999999999,4.7825400000000009,4.7862600000000004,4.7898800000000001,4.7934599999999996,4.7970000000000006,4.8006499999999992,4.8042099999999994,4.8075899999999994,4.8110599999999994,4.8145000000000007,4.8180099999999992,4.8215500000000002,4.8251600000000003,4.8286300000000004,4.8321900000000007,4.8357299999999999,4.8391800000000007,4.8430099999999996,4.8466400000000007,4.8503299999999996,4.8538700000000006,4.8574300000000008,4.8610100000000003,4.8645700000000005,4.8680500000000002,4.8715100000000007,4.8750099999999996,4.8784399999999994,4.8819300000000005,4.8854600000000001,4.8890100000000007,4.8925800000000006,4.8961500000000004,4.8997700000000002,4.9035100000000007,4.9070800000000006,4.9107699999999994,4.9143600000000003,4.9180399999999995,4.9216800000000003,4.92544,4.9291300000000007,4.9328800000000008,4.9367000000000001,4.9405000000000001,4.9443900000000003,4.9481300000000008,4.9518799999999992,4.9555600000000002,4.9592500000000008,4.9629399999999997,4.9667600000000007,4.9704200000000007,4.9741099999999996,4.9777699999999996,4.9814799999999995,4.98522,4.98902,4.99268,4.9964999999999993,5.0002300000000002,5.0040200000000006,5.0077099999999994,5.0113900000000005,5.0151000000000003,5.0188500000000005,5.0226699999999997,5.0264500000000005,5.0302299999999995,5.0339000000000009,5.0375399999999999,5.0412700000000008,5.0449900000000003,5.0487300000000008,5.0524699999999996,5.0561100000000003,5.0597899999999996,5.0634700000000006,5.0673300000000001,5.0710800000000003,5.0749700000000004,5.0786800000000003,5.0825399999999998,5.0862499999999997,5.0900599999999994,5.0938800000000004,5.0976800000000004,5.1014599999999994,5.1052300000000006,5.109,5.1126299999999993,5.11632,5.1199999999999992,5.1239100000000004,5.1276500000000009,5.1314499999999992,5.1351099999999992,5.1387699999999992,5.1424800000000008,5.1462800000000009,5.1500900000000005,5.1539199999999994,5.1577099999999998,5.1615000000000002,5.1652699999999996,5.1690900000000006,5.1729199999999995,5.1767800000000008,5.1805299999999992,5.1841899999999992,5.1879500000000007,5.1915999999999993,5.1952300000000005,5.1987799999999993,5.2024100000000004,5.2060100000000009,5.2096300000000006,5.2132500000000004,5.2169100000000004,5.2204599999999992,5.2241,5.2277000000000005,5.23142,5.2350499999999993,5.2386800000000004,5.2422699999999995,5.2458200000000001,5.2493999999999996,5.2528400000000008,5.2565100000000005,5.2599700000000009,5.2632999999999992,5.2665199999999999,5.2696400000000008,5.2727400000000006,5.2757299999999994,5.2785899999999994,5.2815799999999999,5.2844099999999994,5.2839600000000004,5.2817000000000007,5.2795000000000005,5.2772900000000007,5.2751099999999997,5.2728300000000008,5.2707300000000004,5.2687600000000003,5.2667599999999997,5.2650000000000006,5.2666199999999996,5.2698499999999999,5.2732899999999994,5.2766400000000004,5.2801500000000008,5.2838600000000007,5.2875499999999995,5.2913099999999993,5.29495,5.2986599999999999,5.3022200000000002,5.3061100000000003,5.3098299999999998,5.3138299999999994,5.3176100000000002,5.3213200000000001,5.3250700000000002,5.3287499999999994,5.3326100000000007,5.3364100000000008,5.3402700000000003,5.3440100000000008,5.3478200000000005,5.3515200000000007,5.3553300000000004,5.3590999999999998,5.3628800000000005,5.3667499999999997,5.3704699999999992,5.3742099999999997,5.3779800000000009,5.38171,5.3855299999999993,5.3894199999999994,5.3934200000000008,5.3974799999999998,5.4014400000000009,5.4053500000000003,5.4092900000000004,5.4133499999999994,5.41737,5.4214000000000002,5.4253099999999996,5.4291699999999992,5.4329800000000006,5.4367199999999993,5.4405800000000006,5.4444900000000001,5.4482999999999997,5.4521300000000004,5.4558599999999995,5.4596999999999998,5.4634700000000009,5.4673499999999997,5.4712200000000006,5.4751899999999996,5.4790700000000001,5.4829100000000004,5.4867699999999999,5.4905200000000001,5.4943399999999993,5.4982100000000003,5.5021199999999997,5.5060000000000002,5.5098099999999999,5.5135299999999994,5.5172699999999999,5.5209799999999998,5.5248899999999992,5.5286899999999992,5.5325900000000008,5.5364199999999997,5.5403300000000009,5.5440500000000004,5.5478100000000001,5.5515699999999999,5.5555099999999999,5.55945,5.5632800000000007,5.5670900000000003,5.5708900000000003,5.5746599999999997,5.5783500000000004,5.5822599999999998,5.5862300000000005,5.5901899999999998,5.5938599999999994,5.5976099999999995,5.6014099999999996,5.6052999999999997,5.6090499999999999,5.6128499999999999,5.6166199999999993,5.6203599999999998,5.6241199999999996,5.6279000000000003,5.6317800000000009,5.6356699999999993,5.6395,5.6433099999999996,5.6472200000000008,5.6510599999999993,5.6549999999999994,5.6588700000000003,5.6626700000000003,5.6665299999999998,5.6703299999999999,5.6741500000000009,5.6780100000000004,5.6817600000000006,5.6855600000000006,5.68933,5.6932200000000002,5.6969600000000007,5.7009000000000007,5.7047100000000004,5.7086500000000004,5.71265,5.7166399999999999,5.7206700000000001,5.7246100000000002,5.7286699999999993,5.7325099999999996,5.7364800000000002,5.7403100000000009,5.7441600000000008,5.7479600000000008,5.7516800000000003,5.7553400000000003,5.7590500000000002,5.7627900000000007,5.7664899999999992,5.7703400000000009,5.7741799999999994,5.7780299999999993,5.7818400000000008,5.7856299999999994,5.7894600000000001,5.7933900000000005,5.7972999999999999,5.8012099999999993,5.8050800000000002,5.8089700000000004,5.8128499999999992,5.8166899999999995,5.8206000000000007,5.8244600000000002,5.8282000000000007,5.8318100000000008,5.8355099999999993,5.8392300000000006,5.8429500000000001,5.8468,5.8505199999999995,5.8543199999999995,5.8579699999999999,5.8618699999999997,5.8657500000000002,5.8697499999999998,5.8737200000000005,5.87758,5.8813700000000004,5.8849900000000002,5.8887300000000007,5.8924099999999999,5.8962199999999996,5.8999799999999993,5.9037699999999997,5.9074799999999996,5.91113,5.9148099999999992,5.9185499999999998,5.9223599999999994,5.9262999999999995,5.9300999999999995,5.9338999999999995,5.9376300000000004,5.9414200000000008,5.9451999999999998,5.9489099999999997,5.9526199999999996,5.9564000000000004,5.9601299999999995,5.9637700000000002,5.9675100000000008,5.9711999999999996,5.9749099999999995,5.9785299999999992,5.9822799999999994,5.98611,5.9899299999999993,5.9935399999999994,5.9973299999999998,6.0009999999999994,6.0048300000000001,6.0086200000000005,6.01248,6.0162499999999994,6.0199599999999993,6.0237400000000001,6.0276800000000001,6.0316399999999994,6.0355000000000008,6.0394400000000008,6.0432900000000007,6.0470699999999997,6.0508699999999997,6.0547500000000003,6.0585100000000001,6.0623400000000007,6.0660500000000006,6.0698100000000004,6.07348,6.0772200000000005,6.0808800000000005,6.0847599999999993,6.0884499999999999,6.0923099999999994,6.0960699999999992,6.0998000000000001,6.1035699999999995,6.1073400000000007,6.1111299999999993,6.1149400000000007,6.1187400000000007,6.1224000000000007,6.1261700000000001,6.12988,6.1337200000000003,6.1374899999999997,6.1413100000000007,6.1450899999999997,6.1489700000000003,6.1526800000000001,6.1564499999999995,6.1600599999999996,6.1638000000000002,6.1674900000000008,6.17117,6.1749200000000002,6.1786499999999993,6.1823499999999996,6.1859999999999999,6.1897599999999997,6.1935699999999994,6.1975999999999996,6.2014999999999993,6.2054100000000005,6.2092100000000006,6.2130399999999995,6.2168899999999994,6.2208199999999998,6.2246500000000005,6.2285599999999999,6.2323599999999999,6.2361699999999995,6.2398600000000002,6.24376,6.2476599999999998,6.2515400000000003,6.25535,6.2590800000000009,6.2628900000000005,6.2665799999999994,6.2703699999999998,6.2741500000000006,6.2781199999999995,6.2818900000000006,6.2857300000000009,6.2895000000000003,6.2933900000000005,6.2972999999999999,6.30124,6.3051300000000001,6.3090600000000006,6.3127600000000008,6.3163999999999998,6.3200800000000008,6.3238299999999992,6.3276000000000003,6.3313400000000009,6.3350600000000004,6.3388299999999997,6.3426000000000009,6.3464200000000002,6.3503100000000003,6.3541799999999995,6.3580699999999997,6.3619199999999996,6.3657500000000002,6.3695800000000009,6.3734699999999993,6.3772199999999994,6.3810900000000004,6.3848400000000005,6.3887,6.3923900000000007,6.3960799999999995,6.3997600000000006,6.4035200000000003,6.4072499999999994,6.4109499999999997,6.4147200000000009,6.4183599999999998,6.4220199999999998,6.4257200000000001,6.4295299999999997,6.4316999999999993,6.4335000000000004,6.4351199999999995,6.4367199999999993,6.4383400000000002,6.4400200000000005,6.4415899999999997,6.4431399999999996,6.4447100000000006,6.4462700000000002,6.4494100000000003,6.45303,6.4566499999999998,6.4603800000000007,6.4641999999999999,6.468,6.4718600000000013,6.4756900000000002,6.4795200000000008,6.4832999999999998,6.4871800000000004,6.4909499999999998,6.4947900000000001,6.498520000000001,6.502320000000001,6.5060500000000001,6.5098700000000012,6.5137300000000007,6.5176700000000007,6.5215600000000009,6.5254900000000013,6.5293900000000011,6.5333800000000011,6.5374100000000013,6.5411599999999996,6.5450300000000006,6.5488700000000009,6.552760000000001,6.5564400000000003,6.5602800000000006,6.5639500000000002,6.5677000000000003,6.5714800000000011,6.5752500000000005,6.5791900000000005,6.5831300000000006,6.5869300000000006,6.5907999999999998,6.5948000000000011,6.5989199999999997,6.6029800000000005,6.6069500000000012,6.6108100000000007,6.6147000000000009,6.6185400000000012,6.62242,6.6263900000000007,6.630230000000001,6.6341099999999997,6.637830000000001,6.6415699999999998,6.64541,6.6491800000000012,6.6466900000000013,6.6421799999999998,6.63748,6.6327800000000003,6.6279599999999999,6.6230400000000014,6.6181600000000014,6.613430000000001,6.6086400000000012,6.6040900000000011,6.6055299999999999,6.609,6.6126100000000001,6.6162900000000011,6.6200299999999999,6.6238400000000013,6.6277200000000001,6.6314100000000007,6.6351399999999998,6.6386900000000004,6.6424500000000002,6.6462599999999998,6.6500599999999999,6.6538400000000006,6.6577000000000002,6.6614700000000013,6.6653500000000001,6.6691500000000001,6.6730400000000003,6.6769800000000004,6.6809100000000008,6.6847600000000007,6.688600000000001,6.6924900000000012,6.6962799999999998,6.7000900000000012,6.703850000000001,6.7077400000000011,6.7115200000000002,6.7152900000000013,6.7191500000000008,6.7230900000000009,6.7270200000000013,6.7309599999999996,6.7347300000000008,6.7387300000000003,6.7425899999999999,6.7465600000000006,6.7504600000000003,6.754430000000001,6.7582400000000007,6.76206,6.7658400000000007,6.7695699999999999,6.7734699999999997,6.7772300000000012,6.7810600000000001,6.7847800000000014,6.7885799999999996,6.7922900000000013,6.7960700000000003,6.7997800000000002,6.8036700000000003,6.8075799999999997,6.8115400000000008,6.8153300000000012,6.8192599999999999,6.8231400000000004,6.8270499999999998,6.8309200000000008,6.8347800000000003,6.8386899999999997,6.8424300000000002,6.8461300000000005,6.8498000000000001,6.8536099999999998,6.8572699999999998,6.8610900000000008,6.8648000000000007,6.8686600000000002,6.8725300000000011,6.8763900000000007,6.8801900000000007,6.8841000000000001,6.8880700000000008,6.891960000000001,6.89574,6.8997100000000007,6.9035400000000013,6.9073799999999999,6.9111100000000008,6.9149799999999999,6.9189500000000006,6.92286,6.9267599999999998,6.9306200000000011,6.9346500000000013,6.9385300000000001,6.9425900000000009,6.9465800000000009,6.9505800000000004,6.9545500000000011,6.9584900000000012,6.9624800000000011,6.9665999999999997,6.9706600000000005,6.9747500000000002,6.9788100000000011,6.98278,6.9867100000000004,6.9907700000000013,6.9948899999999998,6.9990100000000002,7.0031300000000005,7.0070700000000006,7.0110700000000001,7.0149699999999999,7.0189700000000013,7.0229700000000008,7.0270900000000012,7.0310900000000007,7.0350200000000012,7.0388200000000012,7.0427600000000012,7.0466700000000007,7.0507200000000001,7.0546199999999999,7.0585500000000003,7.0624300000000009,7.0662599999999998,7.0701300000000007,7.0739800000000006,7.0779200000000007,7.0817200000000007,7.0855800000000002,7.0894200000000005,7.0934200000000001,7.0972800000000014,7.1013400000000004,7.1052100000000014,7.1091800000000003,7.1130899999999997,7.1169600000000006,7.1208100000000005,7.1247100000000003,7.1286199999999997,7.1325099999999999,7.13645,7.1403200000000009,7.1441700000000008,7.1480100000000011,7.15184,7.1557500000000012,7.1595800000000001,7.1634400000000014,7.1671600000000009,7.1707999999999998,7.1744599999999998,7.1781199999999998,7.1819300000000013,7.1856299999999997,7.1894100000000005,7.1931200000000004,7.1968399999999999,7.200470000000001,7.2043200000000009,7.2081300000000006,7.2120300000000004,7.2158100000000012,7.2196100000000012,7.2234200000000008,7.2272200000000009,7.231110000000001,7.23508,7.2391400000000008,7.2430500000000002,7.2471700000000006,7.2510600000000007,7.25502,7.2590200000000014,7.2629000000000001,7.2667300000000008,7.2706,7.2742700000000013,7.2779699999999998,7.2816799999999997,7.285400000000001,7.28904,7.2927600000000012,7.2965999999999998,7.3005000000000013,7.3044900000000013,7.308580000000001,7.31264,7.3167600000000004,7.3209100000000014,7.3250000000000011,7.3292099999999998,7.3332100000000011,7.3372700000000002,7.3411800000000014,7.34511,7.3489100000000001,7.3528200000000012,7.3566200000000013,7.3603400000000008,7.3640299999999996,7.3678900000000009,7.3717500000000005,7.3756599999999999,7.3796300000000006,7.3836000000000013,7.3875600000000006,7.3915900000000008,7.3955599999999997,7.3996500000000012,7.4037100000000002,7.4075699999999998,7.4115599999999997,7.4154700000000009,7.4193800000000003,7.4232200000000006,7.4271100000000008,7.4310000000000009,7.4349100000000004,7.438740000000001,7.4427400000000006,7.4467100000000013,7.4507600000000007,7.4547900000000009,7.4589400000000001,7.4630299999999998,7.4671200000000013,7.4710900000000002,7.4750300000000003,7.4791500000000006,7.4830800000000011,7.4871700000000008,7.4910300000000003,7.495000000000001,7.4988400000000013,7.5027500000000007,7.5066300000000012,7.5106200000000012,7.5145300000000006,7.5183800000000005,7.5222200000000008,7.5260700000000007,7.5299399999999999,7.5338000000000012,7.5377100000000006,7.5415200000000002,7.5453700000000001,7.5492299999999997,7.5531000000000006,7.5569699999999997,7.5609000000000002,7.5648100000000014,7.5687499999999996,7.5725800000000003,7.5764200000000006,7.5802800000000001,7.5836699999999997,7.5866800000000012,7.5897300000000012,7.5925399999999996,7.5952500000000001,7.5979100000000006,7.6006700000000009,7.6033200000000001,7.60609,7.608880000000001,7.6122300000000003,7.6158400000000004,7.6194800000000011,7.6232699999999998,7.6270800000000012,7.6310500000000001,7.6348500000000001,7.638910000000001,7.6428700000000003,7.646840000000001,7.6506900000000009,7.6546200000000013,7.6586200000000009,7.6625899999999998,7.66662,7.6705800000000011,7.6746700000000008,7.6785800000000002,7.6825200000000002,7.6865100000000002,7.6904800000000009,7.6944499999999998,7.6982900000000001,7.7021499999999996,7.7060899999999997,7.7099700000000002,7.7138600000000004,7.7177500000000006,7.7217200000000012,7.7256099999999996,7.7295400000000001,7.7335100000000008,7.7375699999999998,7.7415400000000005,7.7455700000000007,7.7495600000000007,7.7535600000000002,7.7574199999999998,7.7612500000000004,7.7652200000000011,7.7691600000000012,7.7730899999999998,7.777000000000001,7.7810000000000006,7.7848600000000001,7.7888200000000012,7.7928499999999996,7.7968500000000009,7.800790000000001,7.8046900000000008,7.808580000000001,7.812520000000001,7.8164300000000004,7.8203200000000006,7.8241800000000001,7.8280100000000008,7.8318200000000004,7.83568,7.839500000000001,7.8433700000000002,7.8471100000000007,7.8509700000000002,7.8548000000000009,7.8587100000000003,7.8627099999999999,7.8666,7.8704999999999998,7.8743999999999996,7.8784900000000011,7.8824500000000004,7.8865100000000012,7.8903400000000001,7.8943399999999997,7.8982100000000006,7.9020299999999999,7.9059400000000011,7.9098300000000012,7.9137900000000005,7.9176099999999998,7.9214200000000012,7.9254499999999997,7.929450000000001,7.9334199999999999,7.9373199999999997,7.9412599999999998,7.9451400000000003,7.9490700000000007,7.9529800000000002,7.9569200000000002,7.9609400000000008,7.9649400000000004,7.968910000000001,7.97288,7.9769400000000008,7.9810200000000009,7.9852100000000004,7.9892000000000003,7.9933200000000006,7.9972600000000007,8.0012299999999996,8.0051199999999998,8.0091200000000011,8.0130200000000009,8.0168400000000002,8.0206700000000009,8.0244100000000014,8.0283100000000012,8.0321600000000011,8.0361200000000004,8.0400900000000011,8.0441500000000001,8.0481200000000008,8.0521799999999999,8.0562300000000011,8.0603899999999999,8.06447,8.0684700000000014,8.0724999999999998,8.0764700000000005,8.0802800000000001,8.0840800000000002,8.0878800000000002,8.0916800000000002,8.0955300000000001,8.0993899999999996,8.1032799999999998,8.1071799999999996,8.1111500000000003,8.115120000000001,8.1193000000000008,8.1233000000000004,8.1274800000000003,8.1314100000000007,8.1353799999999996,8.1393800000000009,8.1433499999999999,8.1472499999999997,8.1511899999999997,8.1550200000000004,8.1587899999999998,8.1625399999999999,8.1662999999999997,8.17014,8.17408,8.1779500000000009,8.1817400000000013,8.1857400000000009,8.1897300000000008,8.193950000000001,8.1980700000000013,8.20228,8.20655,8.21082,8.2150600000000011,8.2193699999999996,8.2236399999999996,8.22776,8.2318800000000003,8.23597,8.2399700000000013,8.2440899999999999,8.2480200000000004,8.2521100000000001,8.2561400000000003,8.26023,8.2644400000000005,8.2685600000000008,8.2727400000000006,8.27698,8.2812900000000003,8.2854400000000012,8.2897100000000012,8.2938299999999998,8.2979800000000008,8.3019200000000009,8.3058200000000006,8.30959,8.3132999999999999,8.3128700000000002,8.3078300000000009,8.3026499999999999,8.2972999999999999,8.2919600000000013,8.2865900000000003,8.2813400000000001,8.2761899999999997,8.2711500000000004,8.2660499999999999,8.2650699999999997,8.26858,8.2723300000000002,8.2762100000000007,8.2801000000000009,8.2840100000000003,8.287840000000001,8.2916699999999999,8.2954800000000013,8.2993300000000012,8.3032599999999999,8.3071700000000011,8.3110499999999998,8.3148400000000002,8.3188100000000009,8.3226600000000008,8.3265900000000013,8.3305300000000013,8.3344700000000014,8.3385600000000011,8.34239,8.3464500000000008,8.3503800000000012,8.3543500000000002,8.3582900000000002,8.3622500000000013,8.3662500000000009,8.3701900000000009,8.374130000000001,8.3779599999999999,8.3819200000000009,8.3859500000000011,8.3898900000000012,8.3938900000000007,8.3978200000000012,8.4018200000000007,8.4058500000000009,8.4097500000000007,8.4137800000000009,8.4176900000000003,8.421660000000001,8.4255600000000008,8.4296199999999999,8.4336200000000012,8.4375900000000001,8.4414800000000003,8.4453800000000001,8.4493799999999997,8.453380000000001,8.4573800000000006,8.4612800000000004,8.4652799999999999,8.4691799999999997,8.4730800000000013,8.4770800000000008,8.4810800000000004,8.4848800000000004,8.4887800000000002,8.4927799999999998,8.4966800000000013,8.5005800000000011,8.5045800000000007,8.5084800000000005,8.5123800000000003,8.5163799999999998,8.5204800000000009,8.5244800000000005,8.5285799999999998,8.5325800000000012,8.5366800000000005,8.5407799999999998,8.5447800000000012,8.5487800000000007,8.55288,8.5568800000000014,8.5608800000000009,8.5648800000000005,8.5688800000000001,8.5729800000000012,8.5768800000000009,8.5808800000000005,8.5849799999999998,8.5890800000000009,8.5931800000000003,8.5972800000000014,8.6013800000000007,8.6055799999999998,8.6094800000000014,8.6136800000000004,8.61768,8.6216800000000013,8.6255800000000011,8.6296800000000005,8.63368,8.6376800000000014,8.6415800000000011,8.6454800000000009,8.6495800000000003,8.6535799999999998,8.6576800000000009,8.6617800000000003,8.6658800000000014,8.6697800000000012,8.6738800000000005,8.6777800000000003,8.6819800000000011,8.6860800000000005,8.6899800000000003,8.6940800000000014,8.6981800000000007,8.70228,8.7064800000000009,8.7105800000000002,8.7147800000000011,8.7188800000000004,8.7229799999999997,8.7271800000000006,8.7312799999999999,8.735380000000001,8.7393800000000006,8.7434799999999999,8.7474800000000013,8.7515800000000006,8.7554800000000004,8.7596800000000012,8.7638800000000003,8.7680800000000012,8.7722800000000003,8.7764800000000012,8.7805800000000005,8.7846799999999998,8.7888800000000007,8.79298,8.7970800000000011,8.8010800000000007,8.8047800000000009,8.808580000000001,8.8122800000000012,8.816180000000001,8.8200800000000008,8.8238800000000008,8.8277800000000006,8.8316800000000004,8.83568,8.8397800000000011,8.8439800000000002,8.848180000000001,8.8523800000000001,8.8564800000000012,8.8606800000000003,8.8647799999999997,8.8688800000000008,8.8728800000000003,8.8769799999999996,8.8808800000000012,8.8846800000000012,8.888580000000001,8.8924800000000008,8.8963800000000006,8.9002800000000004,8.90428,8.90808,8.9120800000000013,8.9160800000000009,8.9201800000000002,8.9242800000000013,8.9282800000000009,8.9323800000000002,8.9363799999999998,8.9403800000000011,8.9443800000000007,8.9482800000000005,8.9523799999999998,8.9563800000000011,8.9602800000000009,8.9641800000000007,8.9681800000000003,8.9722800000000014,8.9762800000000009,8.9802800000000005,8.9843799999999998,8.9884800000000009,8.9924800000000005,8.9965799999999998,9.0005800000000011,9.0047800000000002,9.0087799999999998,9.0129800000000007,9.0169800000000002,9.0210800000000013,9.0251800000000006,9.02928,9.0332800000000013,9.0373800000000006,9.0413800000000002,9.0453799999999998,9.0493800000000011,9.0533800000000006,9.0573800000000002,9.0614800000000013,9.0655800000000006,9.0694800000000004,9.0735799999999998,9.0775800000000011,9.0817800000000002,9.0859800000000011,9.0902799999999999,9.094380000000001,9.0985800000000001,9.102780000000001,9.1068800000000003,9.1109799999999996,9.1150800000000007,9.1192799999999998,9.1233800000000009,9.1273800000000005,9.1314799999999998,9.1354800000000012,9.1393800000000009,9.1434800000000003,9.1474799999999998,9.1515800000000009,9.1555800000000005,9.1596799999999998,9.1635799999999996,9.167580000000001,9.1714800000000007,9.1754800000000003,9.1794799999999999,9.1834800000000012,9.1875800000000005,9.1916799999999999,9.1956800000000012,9.1996800000000007,9.2036800000000003,9.2076799999999999,9.211780000000001,9.2157800000000005,9.2198799999999999,9.2237799999999996,9.227780000000001,9.2316800000000008,9.2358799999999999,9.2398800000000012,9.2439800000000005,9.2479800000000001,9.2520800000000012,9.2560800000000008,9.2600800000000003,9.2641799999999996,9.268180000000001,9.2722800000000003,9.2762799999999999,9.2802800000000012,9.284180000000001,9.2880800000000008,9.2919800000000006,9.2958800000000004,9.2998799999999999,9.3038800000000013,9.3078800000000008,9.3118800000000004,9.3156800000000004,9.31968,9.3236800000000013,9.3277800000000006,9.3317800000000002,9.3357799999999997,9.3397800000000011,9.3436800000000009,9.3475800000000007,9.35168,9.3557800000000011,9.3598800000000004,9.3639799999999997,9.3679800000000011,9.3720800000000004,9.3761799999999997,9.3803800000000006,9.3844799999999999,9.3886800000000008,9.3928799999999999,9.3970800000000008,9.4012799999999999,9.4054800000000007,9.4096799999999998,9.4138800000000007,9.4181800000000013,9.4223800000000004,9.4265800000000013,9.4307800000000004,9.4348799999999997,9.4389800000000008,9.4430800000000001,9.447280000000001,9.4512800000000006,9.4553799999999999,9.4593800000000012,9.4634800000000006,9.4675799999999999,9.4715800000000012,9.4755800000000008,9.4796800000000001,9.4837800000000012,9.4877800000000008,9.4918800000000001,9.4959800000000012,9.4999800000000008,9.5040800000000001,9.5081800000000012,9.5122800000000005,9.5162800000000001,9.5202799999999996,9.524280000000001,9.5281800000000008,9.5321800000000003,9.5361799999999999,9.5399799999999999,9.5438799999999997,9.547880000000001,9.5518800000000006,9.5557800000000004,9.5597799999999999,9.5637800000000013,9.5679800000000004,9.5720799999999997,9.5761800000000008,9.5802800000000001,9.5842799999999997,9.5880799999999997,9.5918799999999997,9.59558,9.5992800000000003,9.6028800000000007,9.6064800000000012,9.6099800000000002,9.6136800000000004,9.6173800000000007,9.6211800000000007,9.6249800000000008,9.6287800000000008,9.6328800000000001,9.6367799999999999,9.640880000000001,9.6449800000000003,9.6490799999999997,9.6529800000000012,9.6565799999999999,9.6597800000000014,9.662980000000001,9.6660800000000009,9.6691800000000008,9.6723800000000004,9.6754800000000003,9.6785800000000002,9.6816800000000001,9.6848799999999997,9.6883800000000004,9.6921800000000005,9.6960800000000003,9.7000799999999998,9.7039799999999996,9.7078800000000012,9.711780000000001,9.7157800000000005,9.7196800000000003,9.7236799999999999,9.7274799999999999,9.7313799999999997,9.7351799999999997,9.7389799999999997,9.7428800000000013,9.7466800000000013,9.7504800000000014,9.7541799999999999,9.7580799999999996,9.7617799999999999,9.7656799999999997,9.7694799999999997,9.7733800000000013,9.7773800000000008,9.7812800000000006,9.7852800000000002,9.78918,9.7931800000000013,9.7971800000000009,9.8011800000000004,9.8052799999999998,9.8092800000000011,9.8133800000000004,9.8172800000000002,9.82118,9.8252800000000011,9.8292800000000007,9.83338,9.8373800000000013,9.8414800000000007,9.8454800000000002,9.8494799999999998,9.8535800000000009,9.8576800000000002,9.8618800000000011,9.8659800000000004,9.8700799999999997,9.8742800000000006,9.8783799999999999,9.882480000000001,9.8866800000000001,9.8909800000000008,9.8951799999999999,9.8993800000000007,9.9033800000000003,9.9075800000000012,9.9116800000000005,9.91568,9.9197800000000012,9.9236800000000009,9.9275800000000007,9.9314800000000005,9.9353800000000003,9.9392800000000001,9.9432799999999997,9.947280000000001,9.9512800000000006,9.9552800000000001,9.9593800000000012,9.9634800000000006,9.9676799999999997,9.971680000000001,9.9757800000000003,9.9799800000000012,9.9840800000000005,9.9880800000000001,9.9920799999999996,9.9959800000000012,9.999880000000001,10.003880000000001,10.00788,10.01188,10.015880000000001,10.019780000000001,10.02378,10.02788,10.031880000000001,10.035880000000001,10.03988,10.04388,10.047880000000001,10.05198,10.05588,10.05978,10.063780000000001,10.067680000000001,10.071680000000001,10.07568,10.07958,10.08338,10.08718,10.09098,10.09488,10.09878,10.10258,10.106480000000001,10.110380000000001,10.114280000000001,10.11828,10.12218,10.12618,10.12998,10.133980000000001,10.137980000000001,10.14198,10.14588,10.14978,10.153780000000001,10.157780000000001,10.16188,10.16578,10.169880000000001,10.173780000000001,10.17788,10.181880000000001,10.185980000000001,10.18998,10.19388,10.197980000000001,10.201980000000001,10.20608,10.210180000000001,10.214080000000001,10.21818,10.22208,10.226180000000001,10.230180000000001,10.23428,10.238280000000001,10.242280000000001,10.24628,10.25018,10.25418,10.258180000000001,10.262080000000001,10.265880000000001,10.269880000000001,10.27388,10.27778,10.281780000000001,10.285880000000001,10.28998,10.294180000000001,10.29818,10.30228,10.306380000000001,10.31048,10.31448,10.318380000000001,10.322280000000001,10.326080000000001,10.32968,10.33338,10.33708,10.340780000000001,10.344480000000001,10.348080000000001,10.35178,10.35558,10.359480000000001,10.363480000000001,10.36748,10.37158,10.375680000000001,10.37968,10.383880000000001,10.387980000000001,10.39198,10.39598,10.399980000000001,10.403980000000001,10.40788,10.41178,10.41558,10.419280000000001,10.42318,10.42718,10.43098,10.43488,10.438780000000001,10.442680000000001,10.446680000000001,10.45068,10.454780000000001,10.458780000000001,10.46278,10.46668,10.470780000000001,10.474780000000001,10.478680000000001,10.482380000000001,10.486280000000001,10.490080000000001,10.493880000000001,10.497780000000001,10.501580000000001,10.505380000000001,10.509080000000001,10.512980000000001,10.51688,10.52068,10.52468,10.52858,10.532680000000001,10.53668,10.54078,10.544780000000001,10.548780000000001,10.55288,10.556880000000001,10.560980000000001,10.56498,10.56898,10.572980000000001,10.57708,10.58118,10.585380000000001,10.58948,10.593580000000001,10.597580000000001,10.60178,10.605880000000001,10.61018,10.614180000000001,10.618180000000001,10.621980000000001,10.62588,10.62978,10.63368,10.63758,10.64148,10.645380000000001,10.649180000000001,10.653080000000001,10.656880000000001,10.66098,10.66498,10.669080000000001,10.673080000000001,10.67708,10.68098,10.685080000000001,10.688980000000001,10.69298,10.696380000000001,10.69398,10.69018,10.68618,10.682180000000001,10.678080000000001,10.67388,10.66958,10.665480000000001,10.66118,10.657680000000001,10.659880000000001,10.66328,10.66708,10.67088,10.67478,10.67878,10.682880000000001,10.68698,10.691080000000001,10.69528,10.69938,10.703480000000001,10.70758,10.71158,10.715780000000001,10.71978,10.723880000000001,10.727780000000001,10.731780000000001,10.73578,10.73978,10.743880000000001,10.74808,10.752180000000001,10.75638,10.760480000000001,10.76468,10.768980000000001,10.77318,10.777380000000001,10.78158,10.785780000000001,10.78998,10.794280000000001,10.79848,10.80278,10.806980000000001,10.81128,10.815480000000001,10.81978,10.82408,10.828480000000001,10.83268,10.836980000000001,10.841380000000001,10.84568,10.85008,10.854480000000001,10.858780000000001,10.86308,10.867280000000001,10.87138,10.875480000000001,10.879580000000001,10.88358,10.887680000000001,10.891680000000001,10.895580000000001,10.89978,10.903780000000001,10.90808,10.912180000000001,10.91638,10.920680000000001,10.92498,10.92928,10.933680000000001,10.93788,10.942080000000001,10.946380000000001,10.95058,10.95468,10.958880000000001,10.96288,10.966980000000001,10.971080000000001,10.97518,10.979380000000001,10.98358,10.987780000000001,10.99198,10.99628,11.000580000000001,11.00478,11.00878,11.012780000000001,11.016780000000001,11.02078,11.02468,11.028680000000001,11.03248,11.036480000000001,11.040480000000001,11.04458,11.048580000000001,11.05288,11.056980000000001,11.06118,11.065380000000001,11.06958,11.073880000000001,11.07798,11.082180000000001,11.08638,11.090680000000001,11.09478,11.098880000000001,11.102980000000001,11.10708,11.111080000000001,11.114980000000001,11.11908,11.12308,11.127080000000001,11.130980000000001,11.13508,11.13908,11.143180000000001,11.14728,11.151480000000001,11.15558,11.159780000000001,11.163880000000001,11.16808,11.172280000000001,11.17648,11.180680000000001,11.184980000000001,11.189080000000001,11.19328,11.197380000000001,11.20168,11.205880000000001,11.20998,11.214080000000001,11.21808,11.22218,11.226180000000001,11.23038,11.23438,11.238580000000001,11.24258,11.246680000000001,11.25088,11.25498,11.259080000000001,11.26308,11.26708,11.271180000000001,11.275180000000001,11.27918,11.283280000000001,11.287180000000001,11.290980000000001,11.29508,11.29908,11.303080000000001,11.306980000000001,11.31108,11.31508,11.319180000000001,11.323080000000001,11.32718,11.331280000000001,11.335280000000001,11.33938,11.34338,11.347580000000001,11.35168,11.355680000000001,11.359780000000001,11.36388,11.367980000000001,11.371980000000001,11.37598,11.37998,11.384080000000001,11.38808,11.39208,11.396080000000001,11.40028,11.40428,11.408380000000001,11.41248,11.41658,11.420780000000001,11.42498,11.429180000000001,11.43338,11.437580000000001,11.44178,11.445880000000001,11.450180000000001,11.45438,11.458580000000001,11.462680000000001,11.46688,11.471080000000001,11.47528,11.479480000000001,11.48358,11.487780000000001,11.49178,11.495980000000001,11.500080000000001,11.504380000000001,11.508380000000001,11.51258,11.516680000000001,11.52088,11.524980000000001,11.52918,11.533380000000001,11.53758,11.541780000000001,11.54608,11.550380000000001,11.55458,11.55888,11.563080000000001,11.56738,11.571680000000001,11.576080000000001,11.58028,11.584580000000001,11.58868,11.592980000000001,11.59718,11.601380000000001,11.60558,11.609680000000001,11.61378,11.617980000000001,11.62218,11.626380000000001,11.63048,11.634680000000001,11.63888,11.643080000000001,11.64728,11.651480000000001,11.65578,11.659980000000001,11.66418,11.668280000000001,11.67258,11.676780000000001,11.68108,11.68538,11.689580000000001,11.69378,11.697980000000001,11.70228,11.706580000000001,11.71078,11.71508,11.71918,11.723180000000001,11.727180000000001,11.73128,11.735580000000001,11.73958,11.743680000000001,11.747780000000001,11.75198,11.756080000000001,11.76028,11.76458,11.768880000000001,11.77298,11.77708,11.781280000000001,11.78548,11.789580000000001,11.79368,11.797780000000001,11.801880000000001,11.80608,11.810180000000001,11.81438,11.818580000000001,11.82278,11.826880000000001,11.83118,11.835380000000001,11.83958,11.843780000000001,11.84798,11.852180000000001,11.85628,11.860480000000001,11.86468,11.868780000000001,11.872780000000001,11.87668,11.88068,11.88458,11.888480000000001,11.892480000000001,11.89648,11.90028,11.90418,11.90808,11.91198,11.916080000000001,11.919980000000001,11.92398,11.92798,11.931880000000001,11.935880000000001,11.93998,11.944080000000001,11.948180000000001,11.95228,11.956480000000001,11.96058,11.964880000000001,11.96898,11.973180000000001,11.97738,11.981580000000001,11.98578,11.98978,11.993980000000001,11.99808,12.002280000000001,12.00638,12.010480000000001,12.014380000000001,12.01848,12.02248,12.026580000000001,12.03058,12.03458,12.03848,12.04238,12.046380000000001,12.050280000000001,12.05438,12.05828,12.062280000000001,12.066180000000001,12.070180000000001,12.07418,12.078280000000001,12.082180000000001,12.08638,12.09038,12.094480000000001,12.09848,12.10258,12.106680000000001,12.11078,12.114880000000001,12.118980000000001,12.12318,12.127280000000001,12.13148,12.13578,12.140080000000001,12.14428,12.148580000000001,12.15268,12.156880000000001,12.16108,12.165380000000001,12.16948,12.173680000000001,12.17778,12.181980000000001,12.18618,12.190380000000001,12.19478,12.19918,12.203380000000001,12.20778,12.21208,12.216380000000001,12.22068,12.22498,12.229180000000001,12.233280000000001,12.237580000000001,12.241680000000001,12.24588,12.249880000000001,12.25408,12.258280000000001,12.26238,12.26638,12.270380000000001,12.274480000000001,12.27838,12.28238,12.28628,12.290180000000001,12.294180000000001,12.297980000000001,12.301880000000001,12.30588,12.30968,12.31338,12.31718,12.32108,12.32498,12.32888,12.33278,12.336680000000001,12.340580000000001,12.344580000000001,12.34878,12.352980000000001,12.35708,12.361180000000001,12.365080000000001,12.36918,12.373280000000001,12.37738,12.38148,12.385580000000001,12.38958,12.39358,12.397680000000001,12.401580000000001,12.40578,12.409880000000001,12.41398,12.41798,12.422180000000001,12.42618,12.430380000000001,12.434480000000001,12.438780000000001,12.44298,12.447180000000001,12.45138,12.455680000000001,12.45988,12.464180000000001,12.46828,12.472380000000001,12.47648,12.48048,12.484580000000001,12.488480000000001,12.492380000000001,12.496080000000001,12.499980000000001,12.503680000000001,12.507580000000001,12.511480000000001,12.515280000000001,12.51928,12.52318,12.527380000000001,12.53148,12.535680000000001,12.53988,12.544080000000001,12.54828,12.552480000000001,12.55668,12.56068,12.564780000000001,12.56888,12.57278,12.576780000000001,12.580680000000001,12.584680000000001,12.58858,12.59268,12.596680000000001,12.60078,12.60488,12.608980000000001,12.61318,12.61748,12.621880000000001,12.62608,12.630280000000001,12.63448,12.638680000000001,12.64278,12.647080000000001,12.65118,12.655280000000001,12.659280000000001,12.66338,12.667480000000001,12.671580000000001,12.675780000000001,12.67998,12.68408,12.688280000000001,12.69248,12.696680000000001,12.70088,12.705080000000001,12.70928,12.713480000000001,12.71748,12.721580000000001,12.72588,12.72988,12.734080000000001,12.73808,12.742280000000001,12.74638,12.750680000000001,12.74278,12.72608,12.70908,12.69218,12.675180000000001,12.658380000000001,12.64128,12.624180000000001,12.60708,12.589880000000001,12.58488,12.58878,12.592880000000001,12.59698,12.60108,12.605180000000001,12.609480000000001,12.61368,12.617980000000001,12.62218,12.626380000000001,12.63048,12.634780000000001,12.63888,12.643180000000001,12.64728,12.651580000000001,12.65578,12.660080000000001,12.664480000000001,12.66868,12.672980000000001,12.67728,12.68168,12.685980000000001,12.690380000000001,12.69478,12.69908,12.703380000000001,12.70768,12.711880000000001,12.716180000000001,12.72048,12.724680000000001,12.72898,12.733180000000001,12.73738,12.741680000000001,12.74588,12.75018,12.754480000000001,12.75878,12.76318,12.767480000000001,12.771880000000001,12.77618,12.78068,12.785080000000001,12.789480000000001,12.79378,12.79818,12.802380000000001,12.80668,12.810880000000001,12.81518,12.819380000000001,12.823780000000001,12.82798,12.832380000000001,12.836680000000001,12.84088,12.845180000000001,12.84948,12.85388,12.858280000000001,12.862580000000001,12.86678,12.871180000000001,12.87538,12.87978,12.884080000000001,12.888480000000001,12.89278,12.897080000000001,12.90138,12.90568,12.909980000000001,12.91418,12.918480000000001,12.922880000000001,12.92718,12.931480000000001,12.935980000000001,12.940380000000001,12.94478,12.94918,12.953480000000001,12.957980000000001,12.962480000000001,12.96688,12.97128,12.975580000000001,12.97988,12.984080000000001,12.988380000000001,12.99268,12.996880000000001,13.00118,13.005280000000001,13.00948,13.013680000000001,13.01798,13.022180000000001,13.02638,13.03068,13.034880000000001,13.03908,13.043380000000001,13.04768,13.051880000000001,13.05608,13.060180000000001,13.06438,13.06878,13.073080000000001,13.07728,13.081580000000001,13.08578,13.09008,13.094580000000001,13.098980000000001,13.103380000000001,13.10778,13.11218,13.116480000000001,13.12078,13.125080000000001,13.129480000000001,13.133880000000001,13.13808,13.142480000000001,13.14658,13.150780000000001,13.15498,13.159380000000001,13.163680000000001,13.16798,13.172280000000001,13.176580000000001,13.18098,13.185280000000001,13.189580000000001,13.19398,13.19828,13.202580000000001,13.20688,13.211080000000001,13.21518,13.219380000000001,13.22358,13.227680000000001,13.23188,13.23598,13.240180000000001,13.24428,13.248480000000001,13.25268,13.25718,13.26158,13.265880000000001,13.270380000000001,13.27468,13.27908,13.283480000000001,13.28778,13.29208,13.296280000000001,13.300380000000001,13.30448,13.308480000000001,13.312580000000001,13.31658,13.320780000000001,13.32488,13.32898,13.33328,13.337480000000001,13.34178,13.345880000000001,13.35018,13.354380000000001,13.35848,13.362580000000001,13.36678,13.37078,13.374980000000001,13.37898,13.38308,13.387180000000001,13.39138,13.39568,13.399880000000001,13.403980000000001,13.408280000000001,13.41258,13.416980000000001,13.421380000000001,13.42568,13.42998,13.434280000000001,13.43868,13.44298,13.447380000000001,13.45168,13.45598,13.460080000000001,13.46428,13.468480000000001,13.47288,13.476980000000001,13.48128,13.485480000000001,13.48968,13.493980000000001,13.498280000000001,13.50258,13.506780000000001,13.51098,13.515280000000001,13.51948,13.523680000000001,13.52788,13.53218,13.53628,13.540480000000001,13.54468,13.54888,13.553080000000001,13.55728,13.561580000000001,13.56578,13.569980000000001,13.57418,13.578480000000001,13.58278,13.58718,13.591380000000001,13.59568,13.599880000000001,13.60408,13.60838,13.612580000000001,13.61678,13.62078,13.624980000000001,13.628880000000001,13.63308,13.637080000000001,13.641080000000001,13.64508,13.649280000000001,13.653180000000001,13.65718,13.66118,13.665180000000001,13.669180000000001,13.67318,13.67718,13.681180000000001,13.685080000000001,13.689080000000001,13.69318,13.69708,13.701080000000001,13.704880000000001,13.708780000000001,13.71278,13.71678,13.720780000000001,13.724780000000001,13.728680000000001,13.73278,13.737080000000001,13.741380000000001,13.74558,13.749780000000001,13.75408,13.758280000000001,13.76248,13.766780000000001,13.771080000000001,13.775180000000001,13.77938,13.783580000000001,13.78778,13.791880000000001,13.79598,13.798780000000001,13.801580000000001,13.80428,13.806980000000001,13.809380000000001,13.81198,13.81438,13.816980000000001,13.81948,13.822180000000001,13.825980000000001,13.829880000000001,13.833780000000001,13.837680000000001,13.84168,13.84568,13.849780000000001,13.85378,13.85778,13.861780000000001,13.86608,13.868680000000001,13.86988,13.870980000000001,13.87208,13.87298,13.873980000000001,13.874880000000001,13.87588,13.87678,13.87758,13.87988,13.88358,13.88758,13.89148,13.89568,13.89978,13.903980000000001,13.90798,13.91198,13.916080000000001,13.92038,13.924580000000001,13.928880000000001,13.932880000000001,13.93688,13.94078,13.944880000000001,13.948880000000001,13.95308,13.95698,13.960880000000001,13.964880000000001,13.968780000000001,13.97298,13.977080000000001,13.98128,13.985380000000001,13.98968,13.993780000000001,13.99808,14.002280000000001,14.006580000000001,14.01088,14.015080000000001,14.01918,14.023480000000001,14.027480000000001,14.03148,14.035580000000001,14.03978,14.04388,14.047880000000001,14.05208,14.056380000000001,14.06068,14.06508,14.06958,14.073880000000001,14.078380000000001,14.08278,14.08728,14.09158,14.095880000000001,14.10018,14.10458,14.108780000000001,14.11318,14.11748,14.121880000000001,14.126280000000001,14.13068,14.13518,14.13978,14.14418,14.148680000000001,14.153280000000001,14.15788,14.162380000000001,14.166780000000001,14.17108,14.17548,14.179880000000001,14.184280000000001,14.18868,14.192880000000001,14.197180000000001,14.201280000000001,14.20548,14.209680000000001,14.21388,14.21808,14.222380000000001,14.22678,14.23108,14.235480000000001,14.23978,14.24418,14.24858,14.253080000000001,14.25728,14.26158,14.265780000000001,14.26998,14.274280000000001,14.278680000000001,14.28308,14.287380000000001,14.29158,14.29598,14.30048,14.30498,14.309480000000001,14.313780000000001,14.31818,14.322380000000001,14.326780000000001,14.33098,14.335380000000001,14.33948,14.343780000000001,14.348080000000001,14.35238,14.356680000000001,14.361080000000001,14.36538,14.36978,14.374080000000001,14.378680000000001,14.383180000000001,14.38758,14.39188,14.396280000000001,14.400680000000001,14.40498,14.409380000000001,14.413680000000001,14.41808,14.42238,14.426680000000001,14.43088,14.435180000000001,14.43928,14.443479999999999,14.44768,14.451880000000001,14.455980000000002,14.460379999999999,14.46448,14.468780000000001,14.472980000000002,14.477280000000002,14.481779999999999,14.486079999999999,14.49058,14.49488,14.499280000000001,14.503480000000001,14.507880000000002,14.512079999999999,14.51648,14.52078,14.525080000000001,14.529180000000002,14.533379999999999,14.53758,14.541980000000001,14.546380000000001,14.550780000000001,14.555180000000002,14.559580000000002,14.563979999999999,14.568379999999999,14.57288,14.57728,14.581580000000001,14.585780000000002,14.590080000000002,14.594279999999999,14.59848,14.602580000000001,14.606679999999999,14.61078,14.614980000000001,14.619280000000002,14.623479999999999,14.62768,14.63198,14.636280000000001,14.640480000000002,14.644779999999999,14.64898,14.653180000000001,14.657380000000002,14.661479999999999,14.66558,14.669680000000001,14.673779999999999,14.67788,14.681980000000001,14.686180000000002,14.690379999999999,14.69458,14.698880000000001,14.703280000000001,14.707780000000001,14.712180000000002,14.716580000000002,14.721079999999999,14.725479999999999,14.72988,14.73428,14.73878,14.742980000000001,14.747280000000002,14.751579999999999,14.75578,14.76018,14.764480000000001,14.768780000000001,14.773080000000002,14.777379999999999,14.78168,14.785880000000001,14.790080000000001,14.794279999999999,14.79848,14.80278,14.806880000000001,14.811180000000002,14.81528,14.819380000000001,14.823480000000002,14.827779999999999,14.83198,14.836080000000001,14.840280000000002,14.844379999999999,14.84868,14.852780000000001,14.856880000000002,14.86098,14.865080000000001,14.869180000000002,14.873379999999999,14.87748,14.881580000000001,14.885679999999999,14.88968,14.893780000000001,14.897879999999999,14.90188,14.905980000000001,14.909879999999999,14.913880000000001,14.917980000000002,14.92198,14.925980000000001,14.929879999999999,14.93388,14.937980000000001,14.942180000000002,14.94628,14.950380000000001,14.954480000000002,14.95858,14.96278,14.966880000000002,14.970879999999999,14.97508,14.979080000000002,14.983079999999999,14.987080000000001,14.990980000000002,14.99488,14.998680000000002,15.00258,15.006179999999999,15.009980000000001,15.013579999999999,15.017280000000001,15.02098,15.024780000000002,15.02858,15.032280000000002,15.03598,15.039780000000002,15.04358,15.047480000000002,15.05128,15.054879999999999,15.058380000000001,15.06188,15.06518,15.068479999999999,15.071579999999999,15.074679999999999,15.077880000000002,15.080980000000002,15.084080000000002,15.087380000000001,15.090780000000001,15.09408,15.097680000000002,15.101280000000001,15.105079999999999,15.108780000000001,15.11248,15.116280000000001,15.12008,15.123680000000002,15.12758,15.131380000000002,15.13508,15.138880000000002,15.14268,15.146580000000002,15.15058,15.154780000000001,15.158880000000002,15.163079999999999,15.16718,15.171380000000001,15.175480000000002,15.179779999999999,15.18408,15.18838,15.192580000000001,15.196780000000002,15.200979999999999,15.20518,15.209480000000001,15.213780000000002,15.217979999999999,15.22218,15.226380000000001,15.230480000000002,15.234679999999999,15.23878,15.243080000000001,15.247180000000002,15.25128,15.255380000000001,15.259480000000002,15.263579999999999,15.26778,15.271980000000001,15.276180000000002,15.280279999999999,15.28448,15.288680000000001,15.292980000000002,15.297079999999999,15.30128,15.305580000000001,15.309780000000002,15.314180000000002,15.318479999999999,15.32278,15.32708,15.331280000000001,15.335580000000002,15.339879999999999,15.34418,15.34848,15.352680000000001,15.356880000000002,15.36098,15.365180000000001,15.369380000000001,15.373580000000002,15.37778,15.38198,15.386080000000002,15.390279999999999,15.394579999999999,15.39878,15.403080000000001,15.407280000000002,15.41128,15.415280000000001,15.419279999999999,15.42328,15.427380000000001,15.431279999999999,15.435080000000001,15.438979999999999,15.442880000000001,15.446780000000002,15.45088,15.454880000000001,15.458980000000002,15.46298,15.467180000000001,15.471280000000002,15.475379999999999,15.479480000000001,15.483480000000002,15.487579999999999,15.491580000000001,15.495580000000002,15.49948,15.503480000000001,15.507479999999999,15.51158,15.515580000000002,15.519679999999999,15.523680000000001,15.527880000000001,15.531879999999999,15.53608,15.540180000000001,15.544380000000002,15.54848,15.552680000000001,15.556780000000002,15.560879999999999,15.56508,15.568980000000002,15.573179999999999,15.57738,15.581580000000001,15.585680000000002,15.589779999999999,15.59388,15.597980000000002,15.602079999999999,15.60618,15.610280000000001,15.614379999999999,15.61848,15.622580000000001,15.626579999999999,15.63078,15.634780000000001,15.638980000000002,15.643079999999999,15.64738,15.651580000000001,15.655780000000002,15.659979999999999,15.66408,15.668380000000001,15.672580000000002,15.676879999999999,15.68108,15.68538,15.689480000000001,15.693780000000002,15.697979999999999,15.70208,15.706280000000001,15.710379999999999,15.71448,15.718580000000001,15.722680000000002,15.72668,15.730780000000001,15.734779999999999,15.73908,15.743180000000001,15.747480000000001,15.751579999999999,15.75578,15.759880000000001,15.764180000000001,15.768480000000002,15.772679999999999,15.77698,15.781080000000001,15.785280000000002,15.789479999999999,15.79368,15.797780000000001,15.801980000000002,15.80608,15.809980000000001,15.813879999999999,15.817680000000001,15.821479999999999,15.825280000000001,15.82898,15.832780000000001,15.83658,15.840380000000001,15.84398,15.847880000000002,15.851979999999999,15.85608,15.859880000000002,15.86378,15.867480000000002,15.87138,15.875180000000002,15.878880000000001,15.882479999999999,15.885679999999999,15.888980000000002,15.892180000000002,15.895480000000001,15.89888,15.90218,15.905479999999999,15.908680000000002,15.911880000000002,15.915280000000001,15.91868,15.922079999999999,15.925480000000002,15.928880000000001,15.93228,15.93558,15.938879999999999,15.942180000000002,15.945480000000002,15.948980000000001,15.95248,15.956180000000002,15.95988,15.963479999999999,15.967180000000001,15.970979999999999,15.974880000000001,15.978780000000002,15.98278,15.986880000000001,15.990980000000002,15.99508,15.999080000000001,16.002979999999997,16.006979999999999,16.01088,16.014879999999998,16.01868,16.022579999999998,16.02628,16.029979999999998,16.03388,16.037579999999998,16.04158,16.045479999999998,16.049379999999999,16.053279999999997,16.057179999999999,16.06108,16.065079999999998,16.06898,16.072879999999998,16.07668,16.080479999999998,16.08428,16.088079999999998,16.09188,16.095779999999998,16.09958,16.103279999999998,16.10698,16.110879999999998,16.11478,16.118679999999998,16.122479999999999,16.126379999999997,16.130379999999999,16.134079999999997,16.138079999999999,16.14198,16.145979999999998,16.14978,16.153579999999998,16.15738,16.161279999999998,16.16508,16.168779999999998,16.17258,16.176279999999998,16.17998,16.183879999999998,16.187579999999997,16.191579999999998,16.19538,16.199179999999998,16.20308,16.207079999999998,16.211079999999999,16.214979999999997,16.219079999999998,16.22298,16.227079999999997,16.230979999999999,16.23508,16.238979999999998,16.242979999999999,16.246879999999997,16.250979999999998,16.25498,16.258879999999998,16.262879999999999,16.266779999999997,16.270779999999998,16.27458,16.278679999999998,16.282579999999999,16.286479999999997,16.290279999999999,16.294179999999997,16.298079999999999,16.301879999999997,16.305779999999999,16.30968,16.313679999999998,16.31758,16.321579999999997,16.325579999999999,16.32958,16.333579999999998,16.337479999999999,16.341479999999997,16.345479999999998,16.34938,16.353279999999998,16.35718,16.361079999999998,16.364979999999999,16.36908,16.372879999999999,16.377079999999999,16.380979999999997,16.385079999999999,16.38908,16.393179999999997,16.397179999999999,16.40128,16.405279999999998,16.409379999999999,16.41338,16.417379999999998,16.421379999999999,16.425379999999997,16.429379999999998,16.43338,16.437379999999997,16.441279999999999,16.445179999999997,16.448979999999999,16.45288,16.456679999999999,16.46058,16.464379999999998,16.46838,16.472179999999998,16.476179999999999,16.480179999999997,16.484179999999999,16.48818,16.492179999999998,16.496179999999999,16.50028,16.504179999999998,16.508179999999999,16.512279999999997,16.516179999999999,16.52028,16.524279999999997,16.528379999999999,16.53238,16.536479999999997,16.540479999999999,16.54458,16.548679999999997,16.552679999999999,16.55668,16.560679999999998,16.564679999999999,16.568679999999997,16.572679999999998,16.57668,16.580679999999997,16.584579999999999,16.588479999999997,16.592279999999999,16.596079999999997,16.599879999999999,16.60378,16.607579999999999,16.611279999999997,16.614979999999999,16.618879999999997,16.622779999999999,16.62678,16.630779999999998,16.634779999999999,16.638479999999998,16.64218,16.645679999999999,16.649079999999998,16.652279999999998,16.655079999999998,16.656379999999999,16.656879999999997,16.65718,16.65728,16.65748,16.65748,16.657679999999999,16.657879999999999,16.658179999999998,16.65878,16.660779999999999,16.66348,16.66638,16.66948,16.672879999999999,16.676279999999998,16.679779999999997,16.68338,16.687079999999998,16.69078,16.694479999999999,16.698179999999997,16.701979999999999,16.705879999999997,16.709679999999999,16.71358,16.717579999999998,16.72148,16.725379999999998,16.729379999999999,16.73338,16.737379999999998,16.741379999999999,16.745179999999998,16.74898,16.752979999999997,16.756879999999999,16.76098,16.764879999999998,16.768879999999999,16.772779999999997,16.776779999999999,16.78068,16.784679999999998,16.788879999999999,16.79288,16.796979999999998,16.800979999999999,16.80498,16.808979999999998,16.813079999999999,16.81718,16.821179999999998,16.82518,16.829279999999997,16.833179999999999,16.83728,16.841179999999998,16.845379999999999,16.84938,16.853379999999998,16.857479999999999,16.86168,16.865779999999997,16.869979999999998,16.874079999999999,16.87818,16.882279999999998,16.886379999999999,16.89058,16.894779999999997,16.898879999999998,16.902979999999999,16.90718,16.911279999999998,16.915579999999999,16.919779999999999,16.92408,16.928179999999998,16.932479999999998,16.936579999999999,16.94078,16.944979999999997,16.949179999999998,16.953379999999999,16.95758,16.961879999999997,16.965879999999999,16.970079999999999,16.97428,16.978579999999997,16.982679999999998,16.986879999999999,16.99098,16.995179999999998,16.999379999999999,17.003579999999999,17.00788,17.011979999999998,17.016079999999999,17.02028,17.024379999999997,17.028579999999998,17.032779999999999,17.03688,17.041079999999997,17.045279999999998,17.049579999999999,17.05378,17.057879999999997,17.062079999999998,17.066279999999999,17.07048,17.074779999999997,17.078879999999998,17.082979999999999,17.08708,17.091179999999998,17.095379999999999,17.09958,17.103679999999997,17.107979999999998,17.112079999999999,17.116379999999999,17.120479999999997,17.124779999999998,17.128979999999999,17.133279999999999,17.13748,17.141579999999998,17.145879999999998,17.149979999999999,17.15418,17.158379999999998,17.162479999999999,17.16658,17.170779999999997,17.174879999999998,17.178979999999999,17.18318,17.187379999999997,17.191579999999998,17.195679999999999,17.199779999999997,17.203879999999998,17.208079999999999,17.21218,17.216379999999997,17.220479999999998,17.22458,17.22878,17.232979999999998,17.236979999999999,17.24108,17.245179999999998,17.249279999999999,17.25328,17.257479999999997,17.261479999999999,17.26538,17.269479999999998,17.273479999999999,17.277479999999997,17.281679999999998,17.285779999999999,17.28988,17.293979999999998,17.297979999999999,17.30218,17.306379999999997,17.310379999999999,17.31448,17.318679999999997,17.322679999999998,17.326779999999999,17.330879999999997,17.334879999999998,17.33878,17.342879999999997,17.346779999999999,17.35098,17.354879999999998,17.358879999999999,17.36298,17.367179999999998,17.371279999999999,17.37548,17.37968,17.383779999999998,17.387979999999999,17.39208,17.396179999999998,17.400279999999999,17.40428,17.408379999999998,17.412379999999999,17.41638,17.420379999999998,17.42428,17.428179999999998,17.431979999999999,17.435979999999997,17.439979999999998,17.44398,17.447979999999998,17.451879999999999,17.45608,17.460079999999998,17.464179999999999,17.46818,17.472279999999998,17.476279999999999,17.48038,17.484279999999998,17.48818,17.492079999999998,17.495979999999999,17.499879999999997,17.503879999999999,17.50778,17.511779999999998,17.51568,17.519579999999998,17.52338,17.527079999999998,17.53088,17.534579999999998,17.53828,17.541879999999999,17.545579999999998,17.54918,17.552779999999998,17.556479999999997,17.560379999999999,17.56428,17.568279999999998,17.57208,17.576079999999997,17.580079999999999,17.58408,17.587979999999998,17.592079999999999,17.596079999999997,17.599979999999999,17.603679999999997,17.607379999999999,17.611279999999997,17.614879999999999,17.618679999999998,17.62238,17.626179999999998,17.62998,17.633679999999998,17.63748,17.641179999999999,17.644779999999997,17.64818,17.65138,17.65448,17.65748,17.66048,17.66348,17.66638,17.668979999999998,17.669979999999999,17.665279999999999,17.658279999999998,17.65108,17.642979999999998,17.62688,17.609679999999997,17.592179999999999,17.568379999999998,17.514979999999998,17.462679999999999,17.41628,17.37238,17.328879999999998,17.286379999999998,17.25198,17.218779999999999,17.185879999999997,17.159179999999999,17.162779999999998,17.166779999999999,17.170679999999997,17.174779999999998,17.178879999999999,17.182979999999997,17.187179999999998,17.191379999999999,17.19558,17.199779999999997,17.203879999999998,17.208279999999998,17.212479999999999,17.21688,17.221079999999997,17.225279999999998,17.229379999999999,17.23358,17.237679999999997,17.241879999999998,17.245979999999999,17.249979999999997,17.253979999999999,17.25808,17.262079999999997,17.266279999999998,17.270379999999999,17.27458,17.278779999999998,17.282979999999998,17.287279999999999,17.29158,17.295779999999997,17.299979999999998,17.304279999999999,17.30838,17.312579999999997,17.316679999999998,17.320779999999999,17.324779999999997,17.328879999999998,17.332879999999999,17.336979999999997,17.341179999999998,17.345279999999999,17.34958,17.35388,17.358179999999997,17.362479999999998,17.366779999999999,17.371079999999999,17.37548,17.37968,17.383979999999998,17.388079999999999,17.39228,17.39648,17.400679999999998,17.404779999999999,17.409079999999999,17.413179999999997,17.417379999999998,17.421679999999999,17.42578,17.43018,17.434379999999997,17.438579999999998,17.442879999999999,17.44708,17.45138,17.455679999999997,17.459879999999998,17.464179999999999,17.46838,17.47268,17.476979999999998,17.481279999999998,17.485479999999999,17.489879999999999,17.49408,17.498379999999997,17.502679999999998,17.507079999999998,17.511579999999999,17.515979999999999,17.520379999999999,17.52468,17.52918,17.533479999999997,17.537879999999998,17.542279999999998,17.546579999999999,17.55078,17.55508,17.559379999999997,17.563779999999998,17.567979999999999,17.572279999999999,17.57648,17.580779999999997,17.585079999999998,17.589479999999998,17.593779999999999,17.598179999999999,17.60248,17.606779999999997,17.611079999999998,17.615379999999998,17.619879999999998,17.624079999999999,17.62838,17.632679999999997,17.636879999999998,17.641179999999999,17.645379999999999,17.64968,17.653979999999997,17.658179999999998,17.662479999999999,17.666779999999999,17.67108,17.675279999999997,17.679679999999998,17.683979999999998,17.688279999999999,17.692679999999999,17.69688,17.701079999999997,17.705379999999998,17.709579999999999,17.71368,17.717879999999997,17.721979999999999,17.72608,17.73028,17.734479999999998,17.738579999999999,17.74278,17.746979999999997,17.751379999999997,17.755679999999998,17.760079999999999,17.764479999999999,17.768879999999999,17.77318,17.77758,17.781979999999997,17.786279999999998,17.790479999999999,17.79468,17.79888,17.803179999999998,17.807379999999998,17.811579999999999,17.81588,17.820179999999997,17.824579999999997,17.829079999999998,17.833679999999998,17.838179999999998,17.842679999999998,17.847179999999998,17.851779999999998,17.856279999999998,17.860679999999999,17.865079999999999,17.86938,17.87368,17.877879999999998,17.882279999999998,17.886479999999999,17.89068,17.89498,17.899179999999998,17.903579999999998,17.907979999999998,17.912379999999999,17.916979999999999,17.921379999999999,17.925879999999999,17.93028,17.93478,17.93928,17.94378,17.948079999999997,17.952379999999998,17.956579999999999,17.96068,17.964979999999997,17.969279999999998,17.973479999999999,17.977779999999999,17.98198,17.986279999999997,17.990879999999997,17.995279999999998,17.999779999999998,18.004179999999998,18.008679999999998,18.013079999999999,18.017479999999999,18.021879999999999,18.02628,18.03068,18.034879999999998,18.039179999999998,18.043479999999999,18.047879999999999,18.05218,18.056479999999997,18.060879999999997,18.065179999999998,18.069479999999999,18.073879999999999,18.078279999999999,18.08268,18.08708,18.09158,18.095979999999997,18.100379999999998,18.104679999999998,18.108979999999999,18.11328,18.11758,18.121779999999998,18.125979999999998,18.13008,18.13428,18.138279999999998,18.142479999999999,18.14678,18.150879999999997,18.155279999999998,18.159479999999999,18.163779999999999,18.16798,18.17238,18.176479999999998,18.180879999999998,18.185079999999999,18.18948,18.19378,18.197979999999998,18.202279999999998,18.206479999999999,18.21088,18.21518,18.219579999999997,18.223979999999997,18.228279999999998,18.232779999999998,18.237279999999998,18.241679999999999,18.246179999999999,18.250579999999999,18.25508,18.25938,18.26388,18.268179999999997,18.272579999999998,18.276879999999998,18.281179999999999,18.28548,18.28978,18.293979999999998,18.298179999999999,18.302379999999999,18.30678,18.310979999999997,18.315279999999998,18.319479999999999,18.32368,18.32788,18.332079999999998,18.336479999999998,18.340779999999999,18.345079999999999,18.34918,18.353479999999998,18.357679999999998,18.361879999999999,18.36598,18.370179999999998,18.374279999999999,18.37848,18.382579999999997,18.386679999999998,18.390979999999999,18.39508,18.399379999999997,18.403679999999998,18.407979999999998,18.412279999999999,18.41658,18.42088,18.425179999999997,18.429479999999998,18.433779999999999,18.43798,18.44218,18.446279999999998,18.450479999999999,18.45458,18.458679999999998,18.462779999999999,18.46698,18.471079999999997,18.475279999999998,18.479479999999999,18.48368,18.487879999999997,18.492179999999998,18.496579999999998,18.500679999999999,18.50498,18.509179999999997,18.513479999999998,18.517779999999998,18.522079999999999,18.52628,18.530579999999997,18.534679999999998,18.538879999999999,18.54308,18.54738,18.551579999999998,18.555979999999998,18.560179999999999,18.56448,18.56878,18.573079999999997,18.577379999999998,18.581579999999999,18.58588,18.59008,18.594279999999998,18.598279999999999,18.60248,18.606479999999998,18.610579999999999,18.61468,18.618879999999997,18.623079999999998,18.627279999999999,18.63148,18.63588,18.640179999999997,18.644379999999998,18.648779999999999,18.653079999999999,18.65728,18.661479999999997,18.665779999999998,18.669879999999999,18.67408,18.678279999999997,18.682479999999998,18.686579999999999,18.69078,18.694979999999997,18.699179999999998,18.703579999999999,18.707879999999999,18.71218,18.716379999999997,18.720579999999998,18.724779999999999,18.72898,18.733279999999997,18.737479999999998,18.741679999999999,18.74578,18.749879999999997,18.753879999999999,18.75798,18.762079999999997,18.766179999999999,18.770379999999999,18.774379999999997,18.778579999999998,18.782679999999999,18.78688,18.791079999999997,18.795379999999998,18.799779999999998,18.803979999999999,18.80838,18.81268,18.817079999999997,18.821579999999997,18.825879999999998,18.830379999999998,18.834679999999999,18.839179999999999,18.843579999999999,18.84808,18.85258,18.85708,18.86168,18.86618,18.87078,18.87538,18.87998,18.88458,18.88918,18.89378,18.89838,18.90288,18.90738,18.91188,18.91638,18.920779999999997,18.925179999999997,18.929579999999998,18.933879999999998,18.938379999999999,18.942679999999999,18.94708,18.951279999999997,18.955679999999997,18.959979999999998,18.964279999999999,18.968679999999999,18.97298,18.97728,18.981479999999998,18.985779999999998,18.990079999999999,18.99428,18.998479999999997,19.002779999999998,19.007079999999998,19.01118,19.01548,19.019579999999998,19.023779999999999,19.027979999999999,19.03218,19.036579999999997,19.040779999999998,19.045079999999999,19.04928,19.05368,19.057979999999997,19.062279999999998,19.066579999999998,19.070879999999999,19.07508,19.079279999999997,19.083479999999998,19.087779999999999,19.09198,19.096079999999997,19.100279999999998,19.104479999999999,19.108879999999999,19.11308,19.11748,19.121679999999998,19.125979999999998,19.130179999999999,19.13448,19.13888,19.143079999999998,19.147379999999998,19.151579999999999,19.15578,19.16018,19.164379999999998,19.168579999999999,19.172879999999999,19.17718,19.181479999999997,19.185979999999997,19.190379999999998,19.194779999999998,19.199179999999998,19.203479999999999,19.207979999999999,19.21228,19.21668,19.220979999999997,19.225279999999998,19.229479999999999,19.23368,19.237879999999997,19.242079999999998,19.246279999999999,19.25048,19.254579999999997,19.258879999999998,19.263079999999999,19.26708,19.271379999999997,19.275579999999998,19.279879999999999,19.284079999999999,19.28828,19.292379999999998,19.296679999999999,19.300979999999999,19.30528,19.30968,19.313879999999997,19.318079999999998,19.322479999999999,19.32668,19.33108,19.335279999999997,19.339579999999998,19.343779999999999,19.34798,19.352179999999997,19.356579999999997,19.360879999999998,19.365179999999999,19.369679999999999,19.37398,19.37838,19.38278,19.387079999999997,19.391279999999998,19.395579999999999,19.39988,19.40408,19.408279999999998,19.412379999999999,19.41648,19.420679999999997,19.424779999999998,19.428979999999999,19.43318,19.437479999999997,19.441679999999998,19.445979999999999,19.45018,19.45438,19.458679999999998,19.462879999999998,19.467179999999999,19.471579999999999,19.47588,19.480079999999997,19.484379999999998,19.488779999999998,19.493179999999999,19.49738,19.50168,19.505979999999997,19.510279999999998,19.514579999999999,19.51878,19.52308,19.527279999999998,19.531579999999998,19.535779999999999,19.54008,19.54438,19.548679999999997,19.552979999999998,19.557279999999999,19.561579999999999,19.56588,19.570079999999997,19.574379999999998,19.578579999999999,19.582879999999999,19.58708,19.591279999999998,19.595479999999998,19.599779999999999,19.60398,19.608179999999997,19.612479999999998,19.616779999999999,19.620979999999999,19.62518,19.629479999999997,19.633779999999998,19.638179999999998,19.642379999999999,19.64668,19.650879999999997,19.654979999999998,19.659179999999999,19.66338,19.667579999999997,19.671779999999998,19.675879999999999,19.68018,19.684279999999998,19.688479999999998,19.692779999999999,19.69708,19.70138,19.705679999999997,19.709879999999998,19.713979999999999,19.71818,19.722379999999998,19.726579999999998,19.73068,19.73488,19.738879999999998,19.743079999999999,19.74718,19.751479999999997,19.755679999999998,19.759979999999999,19.76418,19.76848,19.772779999999997,19.777079999999998,19.781379999999999,19.785679999999999,19.78988,19.794079999999997,19.798379999999998,19.802479999999999,19.80678,19.810979999999997,19.815179999999998,19.819279999999999,19.82358,19.827779999999997,19.832179999999997,19.836579999999998,19.840979999999998,19.845279999999999,19.849779999999999,19.854179999999999,19.85858,19.862879999999997,19.867379999999997,19.871679999999998,19.875979999999998,19.87998,19.884179999999997,19.888279999999998,19.892479999999999,19.89668,19.900779999999997,19.904979999999998,19.909179999999999,19.91348,19.91778,19.922179999999997,19.926479999999998,19.930779999999999,19.934979999999999,19.93938,19.943479999999997,19.947779999999998,19.951779999999999,19.955779999999997,19.959779999999999,19.96388,19.967979999999997,19.972079999999998,19.976179999999999,19.98028,19.984379999999998,19.988579999999999,19.99268,19.996879999999997,20.001179999999998,20.005279999999999,20.00958,20.013679999999997,20.017879999999998,20.021979999999999,20.02618,20.030479999999997,20.034679999999998,20.038779999999999,20.04298,20.047179999999997,20.051379999999998,20.055679999999999,20.05988,20.064079999999997,20.068379999999998,20.072579999999999,20.076879999999999,20.08118,20.085279999999997,20.089579999999998,20.093679999999999,20.09798,20.101979999999998,20.106179999999998,20.11018,20.114179999999998,20.118079999999999,20.12218,20.126279999999998,20.130379999999999,20.13438,20.138479999999998,20.142579999999999,20.14678,20.150979999999997,20.155279999999998,20.159679999999998,20.164079999999998,20.168379999999999,20.172779999999999,20.17718,20.181379999999997,20.185779999999998,20.190079999999998,20.194379999999999,20.19848,20.202779999999997,20.206979999999998,20.211179999999999,20.21538,20.219479999999997,20.223779999999998,20.227979999999999,20.23218,20.23648,20.240879999999997,20.245179999999998,20.249479999999998,20.253779999999999,20.25808,20.26238,20.266679999999997,20.270879999999998,20.275079999999999,20.27908,20.283279999999998,20.287379999999999,20.29148,20.295679999999997,20.299779999999998,20.303879999999999,20.30818,20.312379999999997,20.316679999999998,20.320979999999999,20.325279999999999,20.32948,20.333679999999998,20.337979999999998,20.342179999999999,20.34628,20.350379999999998,20.354579999999999,20.35868,20.362779999999997,20.366779999999999,20.37088,20.374979999999997,20.379179999999998,20.383479999999999,20.38758,20.391779999999997,20.396079999999998,20.400379999999998,20.404579999999999,20.40898,20.413179999999997,20.417479999999998,20.421679999999999,20.425879999999999,20.43008,20.434179999999998,20.438279999999999,20.44238,20.446479999999998,20.450679999999998,20.45478,20.45898,20.463179999999998,20.467379999999999,20.471579999999999,20.47598,20.48038,20.484679999999997,20.488979999999998,20.493379999999998,20.497679999999999,20.50198,20.50638,20.510579999999997,20.514879999999998,20.518979999999999,20.52338,20.52758,20.531779999999998,20.535879999999999,20.540179999999999,20.54438,20.548679999999997,20.552979999999998,20.557279999999999,20.561679999999999,20.56598,20.570179999999997,20.574379999999998,20.578579999999999,20.58268,20.586779999999997,20.590779999999999,20.59478,20.598779999999998,20.602779999999999,20.60688,20.611079999999998,20.615179999999999,20.61938,20.62358,20.627879999999998,20.632179999999998,20.636679999999998,20.641179999999999,20.645579999999999,20.650079999999999,20.65438,20.65898,20.66338,20.66778,20.672079999999998,20.676379999999998,20.680479999999999,20.68468,20.688779999999998,20.693079999999998,20.69708,20.701179999999997,20.705379999999998,20.709579999999999,20.71378,20.718079999999997,20.722279999999998,20.726379999999999,20.73048,20.734579999999998,20.738579999999999,20.74258,20.746579999999998,20.75048,20.754379999999998,20.758179999999999,20.761979999999998,20.765879999999999,20.769779999999997,20.773779999999999,20.77778,20.781679999999998,20.785679999999999,20.789579999999997,20.793579999999999,20.797779999999999,20.80198,20.806079999999998,20.810179999999999,20.81428,20.818379999999998,20.822479999999999,20.82658,20.830679999999997,20.834679999999999,20.83878,20.842679999999998,20.846779999999999,20.85078,20.854879999999998,20.858979999999999,20.86318,20.867279999999997,20.871479999999998,20.87548,20.879479999999997,20.883479999999999,20.88748,20.891379999999998,20.89528,20.899179999999998,20.903079999999999,20.906979999999997,20.910979999999999,20.91498,20.918879999999998,20.922879999999999,20.926879999999997,20.931079999999998,20.935179999999999,20.93928,20.943379999999998,20.947379999999999,20.951279999999997,20.955379999999998,20.959379999999999,20.963479999999997,20.967479999999998,20.971579999999999,20.975579999999997,20.979579999999999,20.98368,20.987779999999997,20.991879999999998,20.996079999999999,21.00018,21.004379999999998,21.008379999999999,21.01248,21.016679999999997,21.020679999999999,21.024979999999999,21.02908,21.033279999999998,21.037479999999999,21.041679999999999,21.04598,21.050279999999997,21.054479999999998,21.058679999999999,21.06288,21.067079999999997,21.071279999999998,21.075379999999999,21.07958,21.083679999999998,21.087779999999999,21.09198,21.09618,21.100379999999998,21.104579999999999,21.10868,21.11298,21.117079999999998,21.121379999999998,21.12548,21.12968,21.133879999999998,21.138079999999999,21.142379999999999,21.14648,21.150679999999998,21.154879999999999,21.159079999999999,21.163179999999997,21.167379999999998,21.171479999999999,21.17558,21.179779999999997,21.183879999999998,21.18798,21.19218,21.196279999999998,21.200579999999999,21.20478,21.20908,21.213179999999998,21.217379999999999,21.22148,21.225679999999997,21.229879999999998,21.234179999999999,21.23828,21.242379999999997,21.246479999999998,21.250679999999999,21.25488,21.259079999999997,21.263179999999998,21.26728,21.271379999999997,21.275479999999998,21.279679999999999,21.28378,21.287879999999998,21.291979999999999,21.29608,21.300079999999998,21.304179999999999,21.30818,21.312279999999998,21.316279999999999,21.32048,21.324479999999998,21.328579999999999,21.33278,21.336779999999997,21.340879999999999,21.34498,21.348979999999997,21.352879999999999,21.35688,21.360779999999998,21.36478,21.368579999999998,21.372479999999999,21.376379999999997,21.380279999999999,21.38428,21.388479999999998,21.392679999999999,21.39678,21.400979999999997,21.404979999999998,21.409179999999999,21.41338,21.417579999999997,21.421679999999999,21.42578,21.429879999999997,21.433979999999998,21.43798,21.44218,21.446279999999998,21.450379999999999,21.45438,21.458479999999998,21.462579999999999,21.46668,21.470879999999998,21.475179999999998,21.479279999999999,21.48338,21.487379999999998,21.491379999999999,21.495179999999998,21.499079999999999,21.502879999999998,21.50648,21.510179999999998,21.513579999999997,21.51718,21.520879999999998,21.52468,21.528479999999998,21.53228,21.536179999999998,21.54008,21.543979999999998,21.547879999999999,21.551879999999997,21.555779999999999,21.55958,21.563479999999998,21.56738,21.571179999999998,21.57508,21.579079999999998,21.583079999999999,21.586979999999997,21.591079999999998,21.595079999999999,21.59918,21.603379999999998,21.607579999999999,21.61178,21.61598,21.620079999999998,21.624279999999999,21.62838,21.632679999999997,21.636879999999998,21.641079999999999,21.64518,21.649279999999997,21.653379999999999,21.657579999999999,21.66178,21.665979999999998,21.670179999999998,21.674379999999999,21.67858,21.682779999999998,21.686679999999999,21.690279999999998,21.69408,21.697679999999998,21.701279999999997,21.704879999999999,21.708379999999998,21.711979999999997,21.71538,21.718779999999999,21.722379999999998,21.726179999999999,21.729979999999998,21.733779999999999,21.737679999999997,21.741579999999999,21.745479999999997,21.749379999999999,21.75318,21.757279999999998,21.761379999999999,21.76558,21.769779999999997,21.773879999999998,21.778079999999999,21.78218,21.786379999999998,21.790579999999999,21.79468,21.79888,21.802979999999998,21.807079999999999,21.81118,21.815279999999998,21.819379999999999,21.82338,21.827479999999998,21.831379999999999,21.83548,21.839379999999998,21.84348,21.847479999999997,21.851479999999999,21.85538,21.859479999999998,21.863479999999999,21.86768,21.871779999999998,21.875879999999999,21.87998,21.884179999999997,21.888279999999998,21.892479999999999,21.89658,21.900779999999997,21.904879999999999,21.90898,21.913179999999997,21.917279999999998,21.921579999999999,21.925879999999999,21.93008,21.934279999999998,21.938479999999998,21.942779999999999,21.94708,21.95138,21.955479999999998,21.959679999999999,21.96388,21.968079999999997,21.972179999999998,21.976379999999999,21.98058,21.984779999999997,21.988979999999998,21.993079999999999,21.99728,22.001479999999997,22.005679999999998,22.009879999999999,22.01398,22.018179999999997,22.022279999999999,22.02628,22.030079999999998,22.03388,22.037779999999998,22.04158,22.045379999999998,22.04908,22.052879999999998,22.05668,22.060279999999999,22.06418,22.068179999999998,22.072279999999999,22.07638,22.080479999999998,22.084579999999999,22.08868,22.092779999999998,22.096979999999999,22.101179999999999,22.10528,22.108979999999999,22.112579999999998,22.11618,22.119679999999999,22.123279999999998,22.126579999999997,22.13008,22.133479999999999,22.136879999999998,22.14038,22.144079999999999,22.14798,22.151779999999999,22.15568,22.159779999999998,22.163879999999999,22.16788,22.171879999999998,22.175879999999999,22.179779999999997,22.183879999999998,22.18798,22.191879999999998,22.195879999999999,22.19988,22.203879999999998,22.20778,22.211779999999997,22.215679999999999,22.21968,22.223579999999998,22.22758,22.231579999999997,22.235579999999999,22.23948,22.243479999999998,22.247579999999999,22.25168,22.255879999999998,22.260079999999999,22.264279999999999,22.268379999999997,22.272679999999998,22.276979999999998,22.281379999999999,22.285679999999999,22.28988,22.294179999999997,22.298579999999998,22.302779999999998,22.307079999999999,22.31128,22.315479999999997,22.319779999999998,22.323979999999999,22.328279999999999,22.332379999999997,22.336579999999998,22.340679999999999,22.34488,22.348879999999998,22.353079999999999,22.35708,22.361179999999997,22.365179999999999,22.36928,22.373279999999998,22.377379999999999,22.38138,22.385379999999998,22.389479999999999,22.39348,22.397679999999998,22.401679999999999,22.40578,22.409879999999998,22.414079999999998,22.41818,22.42248,22.426679999999998,22.430879999999998,22.435079999999999,22.43938,22.443579999999997,22.447879999999998,22.452079999999999,22.456479999999999,22.46068,22.464879999999997,22.469079999999998,22.473279999999999,22.47738,22.481679999999997,22.485879999999998,22.490079999999999,22.49428,22.498379999999997,22.502579999999998,22.506679999999999,22.51088,22.514979999999998,22.519179999999999,22.52338,22.52758,22.531679999999998,22.535879999999999,22.53998,22.544279999999997,22.548379999999998,22.552579999999999,22.55658,22.560679999999998,22.564679999999999,22.568679999999997,22.572779999999998,22.576779999999999,22.580779999999997,22.584679999999999,22.58878,22.592879999999997,22.596979999999999,22.60108,22.605179999999997,22.609279999999998,22.613479999999999,22.61768,22.621879999999997,22.626079999999998,22.630279999999999,22.63448,22.638479999999998,22.642779999999998,22.647079999999999,22.651479999999999,22.65568,22.659979999999997,22.664279999999998,22.668579999999999,22.672779999999999,22.67708,22.681279999999997,22.685579999999998,22.689679999999999,22.69388,22.698079999999997,22.702279999999998,22.70628,22.71048,22.714479999999998,22.718679999999999,22.72288,22.727179999999997,22.731379999999998,22.735579999999999,22.73978,22.743979999999997,22.748279999999998,22.752379999999999,22.75658,22.76088,22.765179999999997,22.769379999999998,22.773479999999999,22.77768,22.781979999999997,22.786179999999998,22.790479999999999,22.79468,22.79898,22.803179999999998,22.807379999999998,22.811679999999999,22.81588,22.820179999999997,22.824379999999998,22.828579999999999,22.83278,22.83718,22.841279999999998,22.845579999999998,22.849779999999999,22.85408,22.85838,22.862679999999997,22.866979999999998,22.871279999999999,22.87548,22.87978,22.884079999999997,22.888479999999998,22.892779999999998,22.896979999999999,22.90128,22.905579999999997,22.909779999999998,22.914079999999998,22.918279999999999,22.92248,22.926579999999998,22.930679999999999,22.93488,22.938979999999997,22.943179999999998,22.947279999999999,22.95148,22.955579999999998,22.959879999999998,22.964079999999999,22.96838,22.972479999999997,22.976779999999998,22.980979999999999,22.98518,22.989279999999997,22.993479999999998,22.997579999999999,23.00168,23.005879999999998,23.009979999999999,23.01418,23.018279999999997,23.022479999999998,23.026579999999999,23.03078,23.034979999999997,23.039179999999998,23.043379999999999,23.04768,23.051879999999997,23.056179999999998,23.060379999999999,23.064779999999999,23.06898,23.07328,23.077479999999998,23.081679999999999,23.08588,23.09008,23.094379999999997,23.098579999999998,23.102679999999999,23.106779999999997,23.110979999999998,23.115079999999999,23.11928,23.123479999999997,23.127779999999998,23.131979999999999,23.136279999999999,23.14048,23.144779999999997,23.149079999999998,23.153379999999999,23.157679999999999,23.16188,23.166179999999997,23.170379999999998,23.174679999999999,23.178879999999999,23.18308,23.187279999999998,23.191379999999999,23.19548,23.199579999999997,23.203679999999999,23.207979999999999,23.211979999999997,23.216179999999998,23.220379999999999,23.224679999999999,23.22888,23.233179999999997,23.237379999999998,23.241579999999999,23.24578,23.249879999999997,23.254179999999998,23.258279999999999,23.26238,23.266379999999998,23.270479999999999,23.274479999999997,23.278679999999998,23.282779999999999,23.28678,23.290779999999998,23.294879999999999,23.29888,23.302979999999998,23.307179999999999,23.31128,23.315279999999998,23.319479999999999,23.32358,23.327679999999997,23.331779999999998,23.33588,23.339979999999997,23.344079999999998,23.348279999999999,23.35238,23.356579999999997,23.360779999999998,23.365079999999999,23.36928,23.37368,23.377879999999998,23.382279999999998,23.386479999999999,23.390779999999999,23.39498,23.399079999999998,23.403179999999999,23.40718,23.411179999999998,23.41508,23.419079999999997,23.422979999999999,23.426879999999997,23.430779999999999,23.43468,23.438679999999998,23.442679999999999,23.44678,23.450879999999998,23.454979999999999,23.45918,23.463279999999997,23.467379999999999,23.47138,23.475479999999997,23.479479999999999,23.48348,23.487379999999998,23.49118,23.495079999999998,23.49898,23.502979999999997,23.507079999999998,23.51118,23.51538,23.519479999999998,23.523579999999999,23.52778,23.531879999999997,23.536179999999998,23.540279999999999,23.54448,23.548579999999998,23.552779999999998,23.55678,23.560979999999997,23.565079999999998,23.569179999999999,23.57328,23.577279999999998,23.58118,23.585179999999998,23.589079999999999,23.593079999999997,23.597079999999998,23.60108,23.605079999999997,23.609179999999999,23.61318,23.617379999999997,23.621479999999998,23.625679999999999,23.62998,23.634079999999997,23.638379999999998,23.642379999999999,23.64658,23.650579999999998,23.654779999999999,23.65898,23.663179999999997,23.667479999999998,23.671579999999999,23.67578,23.67998,23.684179999999998,23.688479999999998,23.692779999999999,23.69698,23.701279999999997,23.705279999999998,23.709579999999999,23.71368,23.717879999999997,23.721979999999999,23.726179999999999,23.73028,23.734579999999998,23.738679999999999,23.74278,23.74718,23.751479999999997,23.755679999999998,23.760079999999999,23.764379999999999,23.76848,23.772479999999998,23.77638,23.780379999999997,23.784179999999999,23.788079999999997,23.791879999999999,23.795579999999998,23.79928,23.803079999999998,23.80678,23.810679999999998,23.814579999999999,23.818579999999997,23.822579999999999,23.82648,23.830479999999998,23.834379999999999,23.838479999999997,23.842379999999999,23.84638,23.850279999999998,23.854179999999999,23.858079999999998,23.862079999999999,23.86598,23.870079999999998,23.87398,23.877979999999997,23.881979999999999,23.88608,23.890179999999997,23.894279999999998,23.89838,23.902479999999997,23.906579999999998,23.91058,23.914579999999997,23.918579999999999,23.92258,23.926679999999998,23.930679999999999,23.93468,23.938679999999998,23.94258,23.946579999999997,23.950579999999999,23.95458,23.958479999999998,23.962479999999999,23.966379999999997,23.970279999999999,23.97428,23.978379999999998,23.982379999999999,23.986279999999997,23.990279999999998,23.99438,23.99858,24.002679999999998,24.006879999999999,24.01118,24.015179999999997,24.019379999999998,24.023579999999999,24.02768,24.031779999999998,24.035879999999999,24.03988,24.043879999999998,24.047879999999999,24.051779999999997,24.055979999999998,24.059979999999999,24.06418,24.068279999999998,24.072379999999999,24.076279999999997,24.080279999999998,24.084379999999999,24.088279999999997,24.092279999999999,24.09618,24.099979999999999,24.103679999999997,24.107379999999999,24.110979999999998,24.11478,24.118479999999998,24.12208,24.125779999999999,24.129479999999997,24.13308,24.136779999999998,24.14048,24.144179999999999,24.14798,24.151779999999999,24.15568,24.159579999999998,24.16338,24.167179999999998,24.17098,24.174879999999998,24.17858,24.182279999999999,24.18618,24.190079999999998,24.19388,24.197779999999998,24.201779999999999,24.205779999999997,24.209779999999999,24.21378,24.217779999999998,24.221779999999999,24.22578,24.229679999999998,24.23368,24.237479999999998,24.24128,24.245179999999998,24.24898,24.252779999999998,24.256779999999999,24.260679999999997,24.264579999999999,24.26848,24.272379999999998,24.276479999999999,24.280479999999997,24.284479999999999,24.28838,24.292379999999998,24.296279999999999,24.300379999999997,24.304279999999999,24.30808,24.311879999999999,24.315579999999997,24.319379999999999,24.32328,24.327179999999998,24.33118,24.335179999999998,24.339079999999999,24.34318,24.347279999999998,24.351479999999999,24.35568,24.35998,24.364079999999998,24.368279999999999,24.37238,24.376379999999997,24.380479999999999,24.38458,24.388579999999997,24.392579999999999,24.39668,24.400479999999998,24.40448,24.408579999999997,24.412579999999998,24.416679999999999,24.420679999999997,24.424679999999999,24.42868,24.432779999999998,24.436979999999998,24.44098,24.445079999999997,24.449079999999999,24.45308,24.456979999999998,24.461079999999999,24.46508,24.469079999999998,24.47308,24.477079999999997,24.479879999999998,24.48218,24.484379999999998,24.48668,24.488779999999998,24.490879999999997,24.49288,24.494879999999998,24.496879999999997,24.49868,24.50178,24.50508,24.508579999999998,24.511879999999998,24.515279999999997,24.51868,24.522179999999999,24.525479999999998,24.528879999999997,24.53238,24.535779999999999,24.539479999999998,24.543279999999999,24.547179999999997,24.550979999999999,24.554879999999997,24.558879999999998,24.56298,24.566979999999997,24.571079999999998,24.57518,24.579179999999997,24.583179999999999,24.58718,24.591079999999998,24.595279999999999,24.59918,24.603079999999999,24.60698,24.610979999999998,24.614879999999999,24.618779999999997,24.622679999999999,24.62668,24.630579999999998,24.63458,24.638479999999998,24.642479999999999,24.64648,24.650379999999998,24.65448,24.658379999999998,24.662479999999999,24.66638,24.670379999999998,24.674379999999999,24.678379999999997,24.682279999999999,24.68628,24.690179999999998,24.69408,24.698079999999997,24.701979999999999,24.705879999999997,24.709879999999998,24.71378,24.717679999999998,24.721779999999999,24.72578,24.729779999999998,24.733779999999999,24.737779999999997,24.741679999999999,24.74578,24.749679999999998,24.753679999999999,24.757679999999997,24.761779999999998,24.765779999999999,24.769779999999997,24.773779999999999,24.77778,24.781879999999997,24.785979999999999,24.790179999999999,24.79438,24.798379999999998,24.802479999999999,24.80668,24.810879999999997,24.814979999999998,24.81908,24.82328,24.827279999999998,24.831479999999999,24.83558,24.839679999999998,24.843779999999999,24.84788,24.851979999999998,24.855979999999999,24.86018,24.864279999999997,24.868379999999998,24.872579999999999,24.87678,24.880979999999997,24.885079999999999,24.889279999999999,24.89358,24.897779999999997,24.902079999999998,24.906279999999999,24.91048,24.914679999999997,24.918879999999998,24.923079999999999,24.927379999999999,24.93158,24.935779999999998,24.939979999999998,24.944279999999999,24.94838,24.952679999999997,24.956979999999998,24.961179999999999,24.965479999999999,24.96988,24.97418,24.978279999999998,24.982479999999999,24.98668,24.99098,24.995179999999998,24.999379999999999,25.003579999999999,25.007679999999997,25.011679999999998,25.015779999999999,25.019879999999997,25.023979999999998,25.028079999999999,25.031979999999997,25.036079999999998,25.03998,25.043979999999998,25.047979999999999,25.05198,25.055779999999999,25.05958,25.063279999999999,25.067079999999997,25.070779999999999,25.074579999999997,25.078279999999999,25.082179999999997,25.08588,25.089679999999998,25.093579999999999,25.09768,25.101679999999998,25.105779999999999,25.10988,25.113979999999998,25.118079999999999,25.12208,25.126079999999998,25.12998,25.133879999999998,25.13768,25.141479999999998,25.14528,25.149279999999997,25.153079999999999,25.156979999999997,25.160979999999999,25.16498,25.168979999999998,25.172979999999999,25.17698,25.180979999999998,25.18488,25.188679999999998,25.19248,25.196179999999998,25.19988,25.203479999999999,25.207079999999998,25.21088,25.214679999999998,25.21838,25.222279999999998,25.226179999999999,25.230179999999997,25.234079999999999,25.23818,25.242279999999997,25.246379999999998,25.25038,25.254479999999997,25.258379999999999,25.26238,25.266379999999998,25.27028,25.274379999999997,25.278379999999999,25.28238,25.286279999999998,25.290279999999999,25.29448,25.298679999999997,25.302779999999998,25.30688,25.310979999999997,25.315179999999998,25.319179999999999,25.32348,25.327579999999998,25.331579999999999,25.33548,25.339479999999998,25.34348,25.347479999999997,25.351579999999998,25.35548,25.359679999999997,25.363679999999999,25.36778,25.371979999999997,25.376179999999998,25.380279999999999,25.38448,25.388679999999997,25.392879999999998,25.396979999999999,25.40118,25.405279999999998,25.409479999999999,25.41358,25.41788,25.421979999999998,25.426279999999998,25.430479999999999,25.43478,25.438979999999997,25.443279999999998,25.447479999999999,25.451879999999999,25.45618,25.46048,25.464979999999997,25.469179999999998,25.473379999999999,25.477679999999999,25.48198,25.486179999999997,25.490479999999998,25.494679999999999,25.49898,25.50328,25.507579999999997,25.511879999999998,25.516179999999999,25.520379999999999,25.52468,25.52908,25.533479999999997,25.537779999999998,25.542079999999999,25.546279999999999,25.55058,25.554879999999997,25.559179999999998,25.563579999999998,25.567779999999999,25.572179999999999,25.57648,25.580879999999997,25.585279999999997,25.589579999999998,25.593879999999999,25.598279999999999,25.60258,25.60688,25.611179999999997,25.615479999999998,25.619579999999999,25.62378,25.627979999999997,25.632179999999998,25.636479999999999,25.64058,25.644879999999997,25.649079999999998,25.653379999999999,25.65748,25.66168,25.665879999999998,25.670079999999999,25.67428,25.67848,25.682679999999998,25.686779999999999,25.69098,25.69528,25.699579999999997,25.703779999999998,25.707979999999999,25.71218,25.71658,25.720779999999998,25.725179999999998,25.729379999999999,25.73358,25.73798,25.742279999999997,25.746579999999998,25.750979999999998,25.755179999999999,25.75948,25.763779999999997,25.768179999999997,25.772579999999998,25.776979999999998,25.781379999999999,25.785679999999999,25.790179999999999,25.79458,25.79908,25.80358,25.807979999999997,25.812379999999997,25.816779999999998,25.821079999999998,25.825379999999999,25.82968,25.83398,25.838279999999997,25.842579999999998,25.846679999999999,25.85088,25.855079999999997,25.859379999999998,25.863479999999999,25.86778,25.871979999999997,25.876279999999998,25.880379999999999,25.88458,25.888779999999997,25.893079999999998,25.897279999999999,25.90138,25.90568,25.909879999999998,25.914179999999998,25.918279999999999,25.92258,25.926679999999998,25.930979999999998,25.935279999999999,25.939579999999999,25.94388,25.947979999999998,25.952279999999998,25.956579999999999,25.96088,25.96518,25.969479999999997,25.973879999999998,25.978079999999999,25.982479999999999,25.986879999999999,25.99108,25.995379999999997,25.999779999999998,26.004079999999998,26.008479999999999,26.012779999999999,26.01698,26.021279999999997,26.025379999999998,26.029779999999999,26.03388,26.038079999999997,26.042179999999998,26.046279999999999,26.050379999999997,26.054379999999998,26.058679999999999,26.06268,26.066779999999998,26.070979999999999,26.07518,26.079279999999997,26.083479999999998,26.087479999999999,26.09168,26.095779999999998,26.099979999999999,26.10398,26.108179999999997,26.112179999999999,26.11618,26.120179999999998,26.124179999999999,26.12818,26.132179999999998,26.13618,26.140279999999997,26.144279999999998,26.14828,26.152279999999998,26.156279999999999,26.16038,26.164479999999998,26.168679999999998,26.17268,26.176879999999997,26.180879999999998,26.185079999999999,26.18918,26.193379999999998,26.197479999999999,26.20158,26.205679999999997,26.209679999999999,26.21368,26.217679999999998,26.221779999999999,26.22588,26.229979999999998,26.234079999999999,26.23828,26.242279999999997,26.246479999999998,26.250779999999999,26.25508,26.25928,26.263479999999998,26.267579999999999,26.27178,26.275979999999997,26.280179999999998,26.284379999999999,26.28848,26.292679999999997,26.296779999999998,26.30078,26.30498,26.308979999999998,26.31298,26.316979999999997,26.321079999999998,26.32508,26.329079999999998,26.333179999999999,26.33718,26.341379999999997,26.345379999999999,26.34958,26.353579999999997,26.357779999999998,26.36178,26.365879999999997,26.369979999999998,26.37398,26.378079999999997,26.382179999999998,26.386379999999999,26.39058,26.394679999999997,26.398879999999998,26.403179999999999,26.40748,26.41178,26.416079999999997,26.420279999999998,26.424379999999999,26.428379999999997,26.432379999999998,26.436679999999999,26.44068,26.444479999999999,26.448179999999997,26.451879999999999,26.455579999999998,26.453979999999998,26.44688,26.439679999999999,26.432279999999999,26.424779999999998,26.417179999999998,26.409879999999998,26.40268,26.395379999999999,26.388079999999999,26.38618,26.389779999999998,26.393379999999997,26.397279999999999,26.40108,26.404879999999999,26.40868,26.412679999999998,26.41648,26.420379999999998,26.42428,26.428179999999998,26.432079999999999,26.435979999999997,26.439979999999998,26.44388,26.447779999999998,26.451779999999999,26.455779999999997,26.459679999999999,26.46378,26.467779999999998,26.471779999999999,26.47578,26.479979999999998,26.484079999999999,26.48808,26.492179999999998,26.496379999999998,26.500579999999999,26.50478,26.508979999999998,26.513179999999998,26.517379999999999,26.52158,26.525779999999997,26.530079999999998,26.534179999999999,26.53828,26.542479999999998,26.546579999999999,26.55078,26.554879999999997,26.559079999999998,26.563279999999999,26.56758,26.57178,26.576079999999997,26.580479999999998,26.584779999999999,26.589179999999999,26.593579999999999,26.59798,26.60238,26.606579999999997,26.610979999999998,26.615279999999998,26.619579999999999,26.62388,26.62828,26.632579999999997,26.636979999999998,26.641279999999998,26.645679999999999,26.649979999999999,26.653979999999997,26.658279999999998,26.662279999999999,26.66628,26.670179999999998,26.67418,26.677979999999998,26.68188,26.685779999999998,26.689779999999999,26.69398,26.697879999999998,26.702079999999999,26.70618,26.710379999999997,26.714479999999998,26.718579999999999,26.72268,26.726779999999998,26.731079999999999,26.735379999999999,26.73978,26.74408,26.748279999999998,26.752579999999998,26.756979999999999,26.761379999999999,26.76568,26.769879999999997,26.773979999999998,26.778279999999999,26.78238,26.786579999999997,26.790779999999998,26.794979999999999,26.79928,26.80348,26.807779999999998,26.811979999999998,26.816379999999999,26.82048,26.824779999999997,26.828979999999998,26.833279999999998,26.83728,26.84158,26.845679999999998,26.849779999999999,26.85398,26.858079999999998,26.862279999999998,26.866479999999999,26.87058,26.874779999999998,26.878979999999999,26.88308,26.887279999999997,26.891579999999998,26.895779999999998,26.900079999999999,26.90448,26.90868,26.912879999999998,26.917179999999998,26.921479999999999,26.92568,26.929879999999997,26.933979999999998,26.938179999999999,26.94228,26.946479999999998,26.950779999999998,26.954979999999999,26.95928,26.96358,26.967879999999997,26.972179999999998,26.976579999999998,26.980879999999999,26.985379999999999,26.98958,26.993979999999997,26.998279999999998,27.002479999999998,27.006779999999999,27.01108,27.015279999999997,27.019579999999998,27.023679999999999,27.02788,27.032079999999997,27.036479999999997,27.040679999999998,27.044979999999999,27.04918,27.05348,27.057879999999997,27.062179999999998,27.066579999999998,27.070879999999999,27.075279999999999,27.07958,27.083879999999997,27.088179999999998,27.092479999999998,27.096679999999999,27.10098,27.10528,27.109679999999997,27.113979999999998,27.118279999999999,27.122679999999999,27.127079999999999,27.13128,27.135679999999997,27.140179999999997,27.144379999999998,27.148779999999999,27.153079999999999,27.15748,27.16168,27.165979999999998,27.170179999999998,27.174479999999999,27.17868,27.18308,27.187279999999998,27.191479999999999,27.19558,27.19988,27.204079999999998,27.208279999999998,27.212479999999999,27.21668,27.220779999999998,27.224979999999999,27.229179999999999,27.23338,27.237579999999998,27.241679999999999,27.24588,27.250079999999997,27.254279999999998,27.258479999999999,27.26258,27.266679999999997,27.270779999999998,27.274979999999999,27.27918,27.283279999999998,27.287479999999999,27.29148,27.295779999999997,27.299979999999998,27.304179999999999,27.30838,27.312479999999997,27.316779999999998,27.320979999999999,27.325279999999999,27.32948,27.333679999999998,27.337879999999998,27.342079999999999,27.34628,27.350579999999997,27.354679999999998,27.358979999999999,27.36308,27.367279999999997,27.371479999999998,27.375779999999999,27.37998,27.38428,27.388579999999997,27.392979999999998,27.397379999999998,27.401679999999999,27.406079999999999,27.41028,27.414679999999997,27.418879999999998,27.423179999999999,27.427379999999999,27.43158,27.435779999999998,27.439879999999999,27.44398,27.448179999999997,27.452279999999998,27.456479999999999,27.46078,27.464979999999997,27.469179999999998,27.473479999999999,27.477879999999999,27.48218,27.48648,27.490779999999997,27.495179999999998,27.499379999999999,27.503679999999999,27.50798,27.51238,27.516679999999997,27.520879999999998,27.525179999999999,27.529579999999999,27.53378,27.538179999999997,27.542479999999998,27.546679999999999,27.550879999999999,27.55518,27.559479999999997,27.563779999999998,27.567979999999999,27.572179999999999,27.57658,27.580879999999997,27.585279999999997,27.589579999999998,27.593979999999998,27.598179999999999,27.60258,27.60688,27.611179999999997,27.615579999999998,27.619979999999998,27.624279999999999,27.628779999999999,27.633179999999999,27.63748,27.64188,27.646379999999997,27.650779999999997,27.655179999999998,27.659579999999998,27.663679999999999,27.66798,27.672179999999997,27.676479999999998,27.680679999999999,27.68488,27.688979999999997,27.693179999999998,27.697179999999999,27.70138,27.705579999999998,27.709679999999999,27.71378,27.717779999999998,27.721879999999999,27.72588,27.729879999999998,27.733879999999999,27.73798,27.741979999999998,27.746079999999999,27.75018,27.754179999999998,27.758379999999999,27.76258,27.76688,27.771179999999998,27.775479999999998,27.779779999999999,27.78398,27.78838,27.792579999999997,27.796979999999998,27.801079999999999,27.80528,27.809379999999997,27.813579999999998,27.817779999999999,27.82188,27.826079999999997,27.830179999999999,27.834379999999999,27.838479999999997,27.842879999999997,27.846979999999999,27.851179999999999,27.85528,27.859479999999998,27.863579999999999,27.86778,27.871879999999997,27.875979999999998,27.88008,27.884179999999997,27.888279999999998,27.892479999999999,27.89678,27.900979999999997,27.905379999999997,27.909579999999998,27.913979999999999,27.91818,27.92238,27.926679999999998,27.931079999999998,27.935379999999999,27.939579999999999,27.94388,27.947979999999998,27.952179999999998,27.956479999999999,27.96058,27.964879999999997,27.969079999999998,27.973379999999999,27.97758,27.98188,27.986079999999998,27.990479999999998,27.994779999999999,27.999179999999999,28.003579999999999,28.00778,28.012179999999997,28.016379999999998,28.020779999999998,28.025079999999999,28.02948,28.03368,28.037779999999998,28.042079999999999,28.046279999999999,28.05058,28.05498,28.059179999999998,28.063479999999998,28.06758,28.07188,28.076079999999997,28.080279999999998,28.084479999999999,28.08868,28.092779999999998,28.096979999999999,28.101179999999999,28.10528,28.109479999999998,28.113579999999999,28.11768,28.121879999999997,28.126079999999998,28.130179999999999,28.13438,28.138379999999998,28.142579999999999,28.14658,28.150579999999998,28.154579999999999,28.15868,28.162679999999998,28.16658,28.170779999999997,28.174879999999998,28.179079999999999,28.18318,28.187379999999997,28.191579999999998,28.195679999999999,28.19988,28.204279999999997,28.208479999999998,28.212779999999999,28.21678,28.220879999999998,28.224979999999999,28.22908,28.233079999999998,28.237379999999998,28.241479999999999,28.24558,28.249479999999998,28.253579999999999,28.25778,28.261979999999998,28.266179999999999,28.27028,28.274479999999997,28.278579999999998,28.282879999999999,28.28708,28.29128,28.295579999999998,28.299879999999998,28.304079999999999,28.30838,28.31268,28.316879999999998,28.321179999999998,28.325379999999999,28.32948,28.333679999999998,28.337679999999999,28.34178,28.346079999999997,28.350279999999998,28.354479999999999,28.35858,28.362879999999997,28.367179999999998,28.371479999999998,28.375779999999999,28.38008,28.38428,28.388379999999998,28.392479999999999,28.39668,28.400779999999997,28.404879999999999,28.40888,28.412979999999997,28.417079999999999,28.421379999999999,28.42558,28.429779999999997,28.433879999999998,28.438079999999999,28.44238,28.446579999999997,28.450779999999998,28.454979999999999,28.45918,28.463379999999997,28.467579999999998,28.471679999999999,28.475679999999997,28.479879999999998,28.483979999999999,28.48798,28.491979999999998,28.495979999999999,28.499979999999997,28.503979999999999,28.50808,28.512179999999997,28.516279999999998,28.520379999999999,28.524379999999997,28.528379999999999,28.53238,28.536479999999997,28.540279999999999,28.544079999999997,28.547979999999999,28.551879999999997,28.555679999999999,28.55958,28.563379999999999,28.56728,28.571279999999998,28.575379999999999,28.579279999999997,28.583379999999998,28.58738,28.591279999999998,28.595479999999998,28.59938,28.603579999999997,28.607679999999998,28.61168,28.61598,28.620279999999998,28.624379999999999,28.628579999999999,28.632679999999997,28.636779999999998,28.640979999999999,28.64508,28.649179999999998,28.653279999999999,28.65738,28.661479999999997,28.665579999999999,28.669779999999999,28.67408,28.678279999999997,28.682479999999998,28.686679999999999,28.69088,28.694979999999997,28.699179999999998,28.703379999999999,28.70758,28.711779999999997,28.716079999999998,28.720279999999999,28.72458,28.728679999999997,28.732879999999998,28.737079999999999,28.74128,28.745379999999997,28.749479999999998,28.753579999999999,28.757579999999997,28.761579999999999,28.76568,28.769779999999997,28.773779999999999,28.777979999999999,28.781979999999997,28.786179999999998,28.790279999999999,28.794279999999997,28.798479999999998,28.802579999999999,28.80658,28.810779999999998,28.814779999999999,28.81898,28.822979999999998,28.827179999999998,28.831379999999999,28.83558,28.839679999999998,28.843879999999999,28.848179999999999,28.85238,28.856579999999997,28.860879999999998,28.865179999999999,28.86928,28.87358,28.877979999999997,28.882279999999998,28.886479999999999,28.890779999999999,28.89498,28.899279999999997,28.903479999999998,28.907679999999999,28.91168,28.915879999999998,28.919879999999999,28.923779999999997,28.927879999999998,28.931979999999999,28.93608,28.940079999999998,28.944179999999999,28.94838,28.952479999999998,28.956479999999999,28.96068,28.964779999999998,28.968979999999998,28.970479999999998,28.967279999999999,28.96358,28.959679999999999,28.955479999999998,28.951279999999997,28.94698,28.942679999999999,28.938179999999999,28.933779999999999,28.93188,28.93458,28.93788,28.941079999999999,28.944579999999998,28.948079999999997,28.95168,28.955179999999999,28.958879999999997,28.962579999999999,28.966379999999997,28.970179999999999,28.973979999999997,28.977879999999999,28.981779999999997,28.985779999999998,28.98978,28.993879999999997,28.997979999999998,29.00198,29.005979999999997,29.010079999999999,29.01418,29.018379999999997,29.022479999999998,29.026579999999999,29.03078,29.034879999999998,29.038879999999999,29.04308,29.047179999999997,29.051379999999998,29.05538,29.05968,29.063879999999997,29.068179999999998,29.072379999999999,29.076779999999999,29.08118,29.08548,29.089779999999998,29.094079999999998,29.098279999999999,29.10258,29.106779999999997,29.110879999999998,29.115079999999999,29.11908,29.123179999999998,29.127279999999999,29.13148,29.135679999999997,29.139979999999998,29.144179999999999,29.148579999999999,29.15278,29.15718,29.16168,29.165979999999998,29.170279999999998,29.174579999999999,29.17868,29.182879999999997,29.187079999999998,29.191079999999999,29.19538,29.199479999999998,29.203679999999999,29.207979999999999,29.21218,29.216379999999997,29.220779999999998,29.225079999999998,29.229479999999999,29.233879999999999,29.23818,29.24248,29.246779999999998,29.250979999999998,29.255279999999999,29.25948,29.263579999999997,29.267779999999998,29.272079999999999,29.27638,29.280579999999997,29.284879999999998,29.289079999999998,29.293479999999999,29.297779999999999,29.30218,29.30658,29.310979999999997,29.315179999999998,29.319579999999998,29.323879999999999,29.328279999999999,29.33248,29.336679999999998,29.340979999999998,29.345279999999999,29.34958,29.35378,29.357979999999998,29.362179999999999,29.366479999999999,29.37068,29.374979999999997,29.379179999999998,29.383579999999998,29.387879999999999,29.39228,29.39658,29.400879999999997,29.405079999999998,29.409379999999999,29.413679999999999,29.41798,29.422179999999997,29.426479999999998,29.430679999999999,29.434979999999999,29.43928,29.443579999999997,29.447979999999998,29.452279999999998,29.456779999999998,29.461179999999999,29.465779999999999,29.470279999999999,29.474779999999999,29.479279999999999,29.483779999999999,29.48818,29.49268,29.49708,29.501579999999997,29.505979999999997,29.510379999999998,29.514779999999998,29.519279999999998,29.523679999999999,29.527979999999999,29.53248,29.53688,29.54128,29.545579999999998,29.549879999999998,29.554179999999999,29.558579999999999,29.56298,29.56728,29.571579999999997,29.575779999999998,29.580079999999999,29.584479999999999,29.58868,29.593079999999997,29.597379999999998,29.601679999999998,29.605879999999999,29.610279999999999,29.61468,29.61908,29.623479999999997,29.627979999999997,29.632479999999997,29.636979999999998,29.641479999999998,29.645879999999998,29.650279999999999,29.654579999999999,29.65898,29.663179999999997,29.667579999999997,29.671779999999998,29.676179999999999,29.680479999999999,29.68488,29.68928,29.693679999999997,29.698079999999997,29.702579999999998,29.707079999999998,29.711579999999998,29.716079999999998,29.720379999999999,29.724779999999999,29.72908,29.73358,29.737779999999997,29.742179999999998,29.746379999999998,29.750679999999999,29.75498,29.75928,29.763579999999997,29.767879999999998,29.772079999999999,29.77638,29.78068,29.784979999999997,29.789379999999998,29.793579999999999,29.797979999999999,29.80228,29.80658,29.810879999999997,29.815279999999998,29.819579999999998,29.824079999999999,29.828379999999999,29.83278,29.83728,29.84158,29.846079999999997,29.850479999999997,29.854879999999998,29.859379999999998,29.863779999999998,29.868279999999999,29.872679999999999,29.877279999999999,29.881679999999999,29.88618,29.89048,29.89498,29.899479999999997,29.903779999999998,29.908179999999998,29.912479999999999,29.916779999999999,29.92098,29.925379999999997,29.929679999999998,29.933879999999998,29.938179999999999,29.94248,29.94688,29.951179999999997,29.955579999999998,29.959979999999998,29.964279999999999,29.968679999999999,29.97308,29.97738,29.981779999999997,29.985979999999998,29.990279999999998,29.994479999999999,29.99888,30.003079999999997,30.007379999999998,30.011679999999998,30.016079999999999,30.020379999999999,30.02478,30.02918,30.033479999999997,30.037879999999998,30.042279999999998,30.046579999999999,30.050879999999999,30.05518,30.059479999999997,30.063779999999998,30.067979999999999,30.072279999999999,30.07658,30.08098,30.085179999999998,30.089679999999998,30.093879999999999,30.098279999999999,30.10258,30.10698,30.11138,30.115779999999997,30.120079999999998,30.124479999999998,30.128779999999999,30.133179999999999,30.13758,30.14198,30.146379999999997,30.150779999999997,30.155179999999998,30.159679999999998,30.164279999999998,30.168679999999998,30.173179999999999,30.177679999999999,30.182279999999999,30.186879999999999,30.191479999999999,30.196079999999998,30.200579999999999,30.204979999999999,30.209479999999999,30.21388,30.21838,30.22278,30.227179999999997,30.231579999999997,30.236079999999998,30.240379999999998,30.244879999999998,30.249379999999999,30.253779999999999,30.258179999999999,30.26258,30.26698,30.271179999999998,30.275579999999998,30.279879999999999,30.284179999999999,30.28858,30.29288,30.297179999999997,30.301579999999998,30.305979999999998,30.310279999999999,30.314779999999999,30.319179999999999,30.32358,30.32808,30.33248,30.336879999999997,30.341279999999998,30.345679999999998,30.350179999999998,30.354679999999998,30.359179999999999,30.363579999999999,30.367979999999999,30.37238,30.37668,30.381079999999997,30.385479999999998,30.389879999999998,30.394179999999999,30.398479999999999,30.40288,30.40718,30.411479999999997,30.415879999999998,30.420179999999998,30.424579999999999,30.428879999999999,30.43338,30.43768,30.442080000000001,30.446279999999998,30.450680000000002,30.455079999999999,30.459379999999999,30.46368,30.468079999999997,30.472280000000001,30.476580000000002,30.480979999999999,30.485479999999999,30.489879999999996,30.494379999999996,30.49878,30.503379999999996,30.50798,30.512579999999996,30.51718,30.52168,30.52618,30.53068,30.535279999999997,30.539779999999997,30.544279999999997,30.548680000000001,30.553180000000001,30.557680000000001,30.562180000000001,30.566680000000002,30.571180000000002,30.575479999999995,30.579879999999999,30.584279999999996,30.58868,30.593079999999997,30.597480000000001,30.601879999999998,30.606280000000002,30.610579999999995,30.614879999999996,30.619379999999996,30.62378,30.62828,30.632580000000001,30.637080000000001,30.641479999999998,30.645880000000002,30.650179999999995,30.654679999999995,30.658979999999996,30.66338,30.667680000000001,30.672180000000001,30.676480000000002,30.680780000000002,30.685179999999999,30.689379999999996,30.69378,30.698080000000001,30.702380000000002,30.706579999999999,30.71088,30.714980000000001,30.719280000000001,30.723479999999999,30.727879999999995,30.73208,30.73638,30.740680000000001,30.744980000000002,30.749379999999999,30.753779999999995,30.758179999999999,30.762579999999996,30.766879999999997,30.771179999999998,30.775580000000001,30.779880000000002,30.784179999999996,30.78838,30.792680000000001,30.796980000000001,30.801379999999998,30.805679999999999,30.809979999999999,30.814179999999997,30.818580000000001,30.822979999999998,30.827580000000001,30.831979999999998,30.836479999999998,30.840779999999999,30.845279999999999,30.849679999999996,30.854179999999996,30.858479999999997,30.862880000000001,30.867279999999997,30.871480000000002,30.875779999999995,30.880179999999999,30.88448,30.888780000000001,30.893080000000001,30.897279999999999,30.901579999999999,30.905779999999996,30.910079999999997,30.914480000000001,30.918780000000002,30.923179999999999,30.927379999999996,30.93178,30.93608,30.940380000000001,30.944680000000002,30.948979999999995,30.95318,30.957379999999997,30.961679999999998,30.965979999999998,30.970179999999996,30.974479999999996,30.978680000000001,30.983079999999998,30.987480000000001,30.992079999999998,30.996379999999998,31.000779999999995,31.005179999999999,31.009579999999996,31.013879999999997,31.018179999999997,31.022580000000001,31.026880000000002,31.031079999999999,31.03518,31.039379999999998,31.043580000000002,31.047779999999999,31.051979999999997,31.056380000000001,31.060579999999998,31.064879999999999,31.069279999999996,31.073579999999996,31.07798,31.082280000000001,31.086679999999998,31.090979999999998,31.095279999999999,31.099479999999996,31.103579999999997,31.107879999999998,31.112079999999995,31.116179999999996,31.120279999999998,31.124480000000002,31.128679999999999,31.13298,31.137280000000001,31.141580000000001,31.145880000000002,31.150279999999999,31.154679999999995,31.158979999999996,31.16338,31.167680000000001,31.172079999999998,31.176480000000002,31.180879999999998,31.185279999999995,31.189579999999996,31.193879999999996,31.198080000000001,31.202479999999998,31.206779999999998,31.211079999999999,31.215279999999996,31.219379999999997,31.223679999999998,31.227979999999999,31.232279999999999,31.23658,31.240779999999997,31.244980000000002,31.249179999999999,31.25348,31.257580000000001,31.261880000000001,31.266079999999999,31.270279999999996,31.274480000000001,31.278679999999998,31.282979999999998,31.287179999999996,31.29138,31.295579999999998,31.299780000000002,31.303979999999999,31.30828,31.312479999999997,31.316680000000002,31.320879999999999,31.32518,31.329379999999997,31.333679999999998,31.337779999999999,31.342079999999999,31.346279999999997,31.350480000000001,31.354679999999998,31.358879999999996,31.362979999999997,31.367180000000001,31.371379999999998,31.375579999999996,31.379679999999997,31.383979999999998,31.388079999999999,31.392279999999996,31.39668,31.400980000000001,31.405280000000001,31.409580000000002,31.413879999999995,31.41808,31.42238,31.426579999999998,31.430780000000002,31.434879999999996,31.439080000000001,31.443180000000002,31.447279999999996,31.45148,31.455580000000001,31.459679999999995,31.463979999999996,31.468279999999996,31.472579999999997,31.476780000000002,31.481179999999998,31.485479999999999,31.489679999999996,31.493880000000001,31.497879999999999,31.50198,31.505880000000001,31.509879999999999,31.513679999999997,31.517579999999999,31.52148,31.525279999999999,31.52918,31.533179999999998,31.537279999999999,31.54138,31.545480000000001,31.549679999999999,31.553679999999996,31.557779999999998,31.561879999999999,31.56598,31.570080000000001,31.574079999999999,31.578379999999999,31.582379999999997,31.586479999999998,31.590579999999999,31.59488,31.599079999999997,31.603379999999998,31.607580000000002,31.61178,31.615880000000001,31.620079999999998,31.624279999999995,31.62848,31.63278,31.636979999999998,31.641180000000002,31.645379999999999,31.64968,31.653879999999997,31.658080000000002,31.662379999999995,31.66658,31.670779999999997,31.674980000000001,31.679079999999995,31.68328,31.687479999999997,31.691680000000002,31.695879999999999,31.700079999999996,31.704280000000001,31.708380000000002,31.712579999999999,31.71688,31.721079999999997,31.725379999999998,31.729479999999999,31.733779999999999,31.737979999999997,31.741980000000002,31.746179999999999,31.75028,31.754479999999997,31.758579999999998,31.76268,31.766780000000001,31.770880000000002,31.775079999999999,31.77918,31.783480000000001,31.787679999999998,31.791879999999995,31.796179999999996,31.800279999999997,31.804579999999998,31.808779999999995,31.813079999999996,31.817179999999997,31.821380000000001,31.825579999999999,31.829579999999996,31.833780000000001,31.837880000000002,31.842079999999999,31.846279999999997,31.850480000000001,31.854679999999998,31.859079999999995,31.863379999999996,31.86758,31.87208,31.876479999999997,31.880979999999997,31.885380000000001,31.889680000000002,31.894079999999999,31.898279999999996,31.902579999999997,31.906780000000001,31.911080000000002,31.91508,31.919079999999997,31.923079999999995,31.92708,31.931180000000001,31.935179999999999,31.93928,31.943479999999997,31.947680000000002,31.951979999999995,31.956279999999996,31.960579999999997,31.964980000000001,31.969280000000001,31.973580000000002,31.977679999999996,31.98188,31.985980000000001,31.989979999999999,31.99408,31.998180000000001,32.002279999999999,32.00638,32.010480000000001,32.014680000000006,32.018979999999999,32.023180000000004,32.027480000000004,32.031780000000005,32.036080000000005,32.040379999999999,32.044580000000003,32.048780000000001,32.052980000000005,32.057079999999999,32.06138,32.065580000000004,32.069680000000005,32.073779999999999,32.07788,32.082080000000005,32.086179999999999,32.090380000000003,32.094680000000004,32.098980000000005,32.103180000000002,32.107480000000002,32.111879999999999,32.11618,32.120480000000001,32.124780000000001,32.129080000000002,32.133380000000002,32.137480000000004,32.141680000000001,32.145780000000002,32.149880000000003,32.153980000000004,32.158180000000002,32.162480000000002,32.166679999999999,32.170880000000004,32.175180000000005,32.179480000000005,32.183779999999999,32.188079999999999,32.19238,32.196680000000001,32.200980000000001,32.205180000000006,32.209380000000003,32.21358,32.217780000000005,32.222080000000005,32.226179999999999,32.230380000000004,32.234380000000002,32.238579999999999,32.24268,32.246980000000001,32.251180000000005,32.255380000000002,32.25958,32.263680000000001,32.267780000000002,32.271979999999999,32.27628,32.280480000000004,32.284680000000002,32.288780000000003,32.29298,32.297080000000001,32.301380000000002,32.305579999999999,32.309780000000003,32.313980000000001,32.318280000000001,32.322580000000002,32.326779999999999,32.330980000000004,32.335180000000001,32.339580000000005,32.343679999999999,32.348179999999999,32.352380000000004,32.356580000000001,32.360780000000005,32.364879999999999,32.36918,32.373380000000004,32.377580000000002,32.381779999999999,32.38588,32.389980000000001,32.393979999999999,32.39808,32.402080000000005,32.406179999999999,32.41028,32.414380000000001,32.418480000000002,32.422580000000004,32.426680000000005,32.430880000000002,32.435079999999999,32.439280000000004,32.443580000000004,32.447680000000005,32.451979999999999,32.456180000000003,32.46058,32.464780000000005,32.469080000000005,32.473280000000003,32.477580000000003,32.481880000000004,32.486080000000001,32.490380000000002,32.494579999999999,32.498780000000004,32.502980000000001,32.507280000000002,32.511580000000002,32.515880000000003,32.52008,32.524380000000001,32.528580000000005,32.532980000000002,32.537080000000003,32.54128,32.545480000000005,32.549579999999999,32.553780000000003,32.558080000000004,32.562180000000005,32.566380000000002,32.570480000000003,32.574680000000001,32.578880000000005,32.583180000000006,32.587479999999999,32.591680000000004,32.595980000000004,32.600280000000005,32.604680000000002,32.608780000000003,32.613080000000004,32.617280000000001,32.621680000000005,32.625779999999999,32.629980000000003,32.634180000000001,32.638280000000002,32.642380000000003,32.64658,32.650880000000001,32.654980000000002,32.659179999999999,32.66328,32.667580000000001,32.671880000000002,32.676180000000002,32.68038,32.68468,32.688880000000005,32.693080000000002,32.697180000000003,32.701480000000004,32.705480000000001,32.709679999999999,32.713680000000004,32.717780000000005,32.721780000000003,32.72578,32.729880000000001,32.733980000000003,32.738080000000004,32.742180000000005,32.746380000000002,32.750579999999999,32.75468,32.758880000000005,32.762979999999999,32.767180000000003,32.771380000000001,32.775380000000006,32.77948,32.783380000000001,32.787379999999999,32.791380000000004,32.795480000000005,32.799480000000003,32.803580000000004,32.807580000000002,32.811779999999999,32.81588,32.819980000000001,32.824180000000005,32.828380000000003,32.832480000000004,32.836480000000002,32.840380000000003,32.844280000000005,32.848379999999999,32.852380000000004,32.856380000000001,32.860280000000003,32.864280000000001,32.868180000000002,32.87218,32.876280000000001,32.880380000000002,32.884480000000003,32.888480000000001,32.892479999999999,32.896480000000004,32.900580000000005,32.904580000000003,32.908580000000001,32.912580000000005,32.916580000000003,32.920680000000004,32.924680000000002,32.92868,32.932680000000005,32.936579999999999,32.94068,32.944680000000005,32.948680000000003,32.952580000000005,32.956580000000002,32.960480000000004,32.964580000000005,32.96848,32.972580000000001,32.976680000000002,32.980580000000003,32.984580000000001,32.988680000000002,32.992780000000003,32.996780000000001,33.000779999999999,33.00488,33.008980000000001,33.012979999999999,33.01688,33.020780000000002,33.02478,33.028780000000005,33.032880000000006,33.036880000000004,33.040980000000005,33.044879999999999,33.048880000000004,33.052980000000005,33.057079999999999,33.06118,33.065280000000001,33.069279999999999,33.07338,33.077380000000005,33.08128,33.085380000000001,33.089380000000006,33.09348,33.097580000000001,33.101780000000005,33.105879999999999,33.110080000000004,33.114180000000005,33.118480000000005,33.122680000000003,33.12688,33.131180000000001,33.135380000000005,33.139279999999999,33.143180000000001,33.146979999999999,33.150780000000005,33.15448,33.157980000000002,33.160980000000002,33.164080000000006,33.167180000000002,33.169980000000002,33.172980000000003,33.176079999999999,33.179380000000002,33.182580000000002,33.185680000000005,33.188980000000001,33.192480000000003,33.196080000000002,33.199780000000004,33.203580000000002,33.207380000000001,33.211179999999999,33.214780000000005,33.218580000000003,33.222380000000001,33.226379999999999,33.230380000000004,33.234280000000005,33.238379999999999,33.242380000000004,33.246279999999999,33.250280000000004,33.254280000000001,33.258279999999999,33.262280000000004,33.266380000000005,33.27028,33.274280000000005,33.278179999999999,33.281980000000004,33.285980000000002,33.28998,33.293880000000001,33.29768,33.301079999999999,33.304480000000005,33.307880000000004,33.31138,33.314680000000003,33.318080000000002,33.321580000000004,33.324780000000004,33.328279999999999,33.331680000000006,33.335480000000004,33.339280000000002,33.343180000000004,33.347080000000005,33.350880000000004,33.354680000000002,33.35848,33.362280000000005,33.36618,33.370080000000002,33.373980000000003,33.377980000000001,33.381880000000002,33.385780000000004,33.389780000000002,33.393880000000003,33.397980000000004,33.401980000000002,33.406080000000003,33.410180000000004,33.414180000000002,33.418280000000003,33.422380000000004,33.426480000000005,33.430480000000003,33.434480000000001,33.438580000000002,33.442680000000003,33.446680000000001,33.450780000000002,33.45478,33.458880000000001,33.462980000000002,33.46698,33.471080000000001,33.475180000000002,33.479280000000003,33.483280000000001,33.487280000000005,33.491280000000003,33.495480000000001,33.499380000000002,33.503579999999999,33.507580000000004,33.511680000000005,33.515680000000003,33.519680000000001,33.523780000000002,33.527880000000003,33.531880000000001,33.536080000000005,33.540179999999999,33.544280000000001,33.548480000000005,33.552780000000006,33.556980000000003,33.561280000000004,33.565580000000004,33.569680000000005,33.574080000000002,33.578180000000003,33.582380000000001,33.586580000000005,33.590679999999999,33.59478,33.598880000000001,33.603080000000006,33.60718,33.611280000000001,33.615480000000005,33.619579999999999,33.62368,33.627880000000005,33.631980000000006,33.636180000000003,33.640480000000004,33.644680000000001,33.648780000000002,33.652979999999999,33.657080000000001,33.661280000000005,33.665280000000003,33.669380000000004,33.673480000000005,33.677680000000002,33.68168,33.685880000000004,33.690080000000002,33.694279999999999,33.69838,33.702480000000001,33.706479999999999,33.710680000000004,33.714780000000005,33.718780000000002,33.72278,33.726780000000005,33.730780000000003,33.734680000000004,33.738680000000002,33.742780000000003,33.746880000000004,33.750980000000006,33.755180000000003,33.759180000000001,33.763280000000002,33.767479999999999,33.77158,33.775780000000005,33.779880000000006,33.78398,33.788080000000001,33.791980000000002,33.79598,33.799980000000005,33.803879999999999,33.807780000000001,33.811779999999999,33.815780000000004,33.819780000000002,33.823880000000003,33.827780000000004,33.831980000000001,33.835979999999999,33.84008,33.844180000000001,33.848379999999999,33.852380000000004,33.856380000000001,33.860379999999999,33.864380000000004,33.868280000000006,33.872280000000003,33.876180000000005,33.88008,33.884080000000004,33.888080000000002,33.89208,33.896080000000005,33.900280000000002,33.904380000000003,33.908580000000001,33.912880000000001,33.917180000000002,33.921379999999999,33.92568,33.92998,33.934380000000004,33.938580000000002,33.942779999999999,33.94708,33.95138,33.955480000000001,33.959780000000002,33.963979999999999,33.96828,33.972480000000004,33.976780000000005,33.981080000000006,33.985480000000003,33.98968,33.993880000000004,33.998180000000005,34.002380000000002,34.006680000000003,34.01088,34.015080000000005,34.019080000000002,34.02328,34.027280000000005,34.031380000000006,34.035580000000003,34.039680000000004,34.043880000000001,34.047980000000003,34.05218,34.056380000000004,34.060680000000005,34.064880000000002,34.069180000000003,34.07358,34.077980000000004,34.082280000000004,34.086780000000005,34.091180000000001,34.095580000000005,34.099879999999999,34.104179999999999,34.10848,34.112780000000001,34.116980000000005,34.121279999999999,34.125480000000003,34.129580000000004,34.133780000000002,34.138080000000002,34.142380000000003,34.146680000000003,34.150980000000004,34.155080000000005,34.159379999999999,34.163580000000003,34.167880000000004,34.172080000000001,34.176380000000002,34.180480000000003,34.184780000000003,34.188880000000005,34.193280000000001,34.197479999999999,34.201680000000003,34.205880000000001,34.210080000000005,34.214280000000002,34.218380000000003,34.222480000000004,34.226480000000002,34.23048,34.234580000000001,34.238680000000002,34.242780000000003,34.246880000000004,34.250880000000002,34.25508,34.259180000000001,34.263480000000001,34.267580000000002,34.271880000000003,34.27608,34.280380000000001,34.284680000000002,34.288980000000002,34.29318,34.29748,34.301680000000005,34.305880000000002,34.310079999999999,34.314280000000004,34.318380000000005,34.322479999999999,34.32658,34.330580000000005,34.334780000000002,34.338880000000003,34.342980000000004,34.346980000000002,34.351080000000003,34.355180000000004,34.359380000000002,34.363480000000003,34.367580000000004,34.371880000000004,34.376080000000002,34.380279999999999,34.384480000000003,34.388580000000005,34.392880000000005,34.397080000000003,34.40128,34.405480000000004,34.409680000000002,34.413780000000003,34.41798,34.422180000000004,34.426280000000006,34.430579999999999,34.434580000000004,34.438880000000005,34.443080000000002,34.447380000000003,34.451680000000003,34.455880000000001,34.460080000000005,34.464380000000006,34.468780000000002,34.473080000000003,34.47748,34.481680000000004,34.485880000000002,34.490180000000002,34.494480000000003,34.498780000000004,34.503080000000004,34.507280000000002,34.511580000000002,34.515680000000003,34.519980000000004,34.524280000000005,34.528380000000006,34.532580000000003,34.536680000000004,34.540980000000005,34.545180000000002,34.549480000000003,34.553580000000004,34.557780000000001,34.561980000000005,34.566180000000003,34.570480000000003,34.574580000000005,34.578780000000002,34.582880000000003,34.58708,34.591180000000001,34.595280000000002,34.59948,34.603580000000001,34.607780000000005,34.611980000000003,34.61618,34.620380000000004,34.624680000000005,34.628880000000002,34.63308,34.63738,34.641580000000005,34.645780000000002,34.649979999999999,34.654180000000004,34.658280000000005,34.662480000000002,34.666580000000003,34.670580000000001,34.674579999999999,34.67868,34.682580000000002,34.686579999999999,34.690580000000004,34.694680000000005,34.698779999999999,34.70288,34.706880000000005,34.711080000000003,34.715180000000004,34.719380000000001,34.723480000000002,34.727679999999999,34.731780000000001,34.735880000000002,34.739980000000003,34.74418,34.748280000000001,34.752380000000002,34.756480000000003,34.760480000000001,34.764680000000006,34.768880000000003,34.773180000000004,34.777380000000001,34.781680000000001,34.785879999999999,34.790080000000003,34.794380000000004,34.798780000000001,34.802980000000005,34.807280000000006,34.81138,34.815580000000004,34.819680000000005,34.823880000000003,34.82808,34.832180000000001,34.836380000000005,34.840580000000003,34.844880000000003,34.848980000000005,34.853280000000005,34.857480000000002,34.861780000000003,34.865880000000004,34.870080000000002,34.874180000000003,34.878280000000004,34.882380000000005,34.886479999999999,34.89058,34.894480000000001,34.898580000000003,34.90258,34.906580000000005,34.910580000000003,34.914680000000004,34.918880000000001,34.923079999999999,34.92718,34.931480000000001,34.935680000000005,34.940080000000002,34.944279999999999,34.94858,34.95288,34.957180000000001,34.961380000000005,34.965479999999999,34.969680000000004,34.973680000000002,34.977879999999999,34.98198,34.986080000000001,34.990180000000002,34.994280000000003,34.998580000000004,35.002780000000001,35.006880000000002,35.01108,35.015180000000001,35.019380000000005,35.023380000000003,35.02758,35.031580000000005,35.035679999999999,35.039580000000001,35.043680000000002,35.047580000000004,35.051580000000001,35.055680000000002,35.05968,35.063780000000001,35.067880000000002,35.071980000000003,35.076080000000005,35.080180000000006,35.084380000000003,35.08858,35.092680000000001,35.096980000000002,35.101080000000003,35.105180000000004,35.109280000000005,35.113379999999999,35.11748,35.121680000000005,35.125680000000003,35.129780000000004,35.133780000000002,35.137880000000003,35.141980000000004,35.146180000000001,35.150280000000002,35.15428,35.158380000000001,35.162580000000005,35.166780000000003,35.17098,35.175180000000005,35.179280000000006,35.183480000000003,35.18768,35.191880000000005,35.195980000000006,35.20008,35.204080000000005,35.208080000000002,35.211980000000004,35.215980000000002,35.21998,35.224080000000001,35.227980000000002,35.23198,35.236080000000001,35.240079999999999,35.244280000000003,35.248380000000004,35.252680000000005,35.256880000000002,35.260980000000004,35.264980000000001,35.269180000000006,35.27328,35.27758,35.281580000000005,35.285580000000003,35.289680000000004,35.293680000000002,35.297780000000003,35.301880000000004,35.305980000000005,35.310180000000003,35.31418,35.318380000000005,35.322580000000002,35.326779999999999,35.330880000000001,35.334980000000002,35.339179999999999,35.343380000000003,35.347580000000001,35.351780000000005,35.355980000000002,35.360080000000004,35.364380000000004,35.368480000000005,35.372680000000003,35.37688,35.380980000000001,35.385180000000005,35.389279999999999,35.393480000000004,35.397580000000005,35.401580000000003,35.405480000000004,35.409480000000002,35.413380000000004,35.417480000000005,35.421379999999999,35.425180000000005,35.429079999999999,35.433080000000004,35.436980000000005,35.440980000000003,35.444980000000001,35.448979999999999,35.452980000000004,35.457080000000005,35.461080000000003,35.465180000000004,35.469180000000001,35.473080000000003,35.477080000000001,35.481080000000006,35.48518,35.489280000000001,35.493380000000002,35.497480000000003,35.501480000000001,35.505580000000002,35.509680000000003,35.513780000000004,35.517980000000001,35.522080000000003,35.52628,35.530280000000005,35.534080000000003,35.538080000000001,35.542080000000006,35.545880000000004,35.549880000000002,35.553879999999999,35.557280000000006,35.560180000000003,35.56288,35.565580000000004,35.568180000000005,35.570680000000003,35.55968,35.514279999999999,35.468380000000003,35.42268,35.377480000000006,35.33258,35.287880000000001,35.243480000000005,35.199080000000002,35.154880000000006,35.124079999999999,35.127780000000001,35.131880000000002,35.13588,35.140080000000005,35.144180000000006,35.148380000000003,35.152480000000004,35.156680000000001,35.160879999999999,35.165080000000003,35.169280000000001,35.173380000000002,35.177680000000002,35.181780000000003,35.185980000000001,35.190180000000005,35.194380000000002,35.198680000000003,35.202780000000004,35.207180000000001,35.211380000000005,35.215679999999999,35.219880000000003,35.224080000000001,35.228380000000001,35.232680000000002,35.236980000000003,35.24118,35.245580000000004,35.249880000000005,35.254180000000005,35.258480000000006,35.262779999999999,35.266980000000004,35.271280000000004,35.275380000000006,35.279679999999999,35.283880000000003,35.287980000000005,35.292080000000006,35.29618,35.300280000000001,35.304380000000002,35.308480000000003,35.31268,35.316780000000001,35.321080000000002,35.325279999999999,35.32958,35.333780000000004,35.338180000000001,35.342580000000005,35.346780000000003,35.351280000000003,35.355580000000003,35.359880000000004,35.364280000000001,35.368680000000005,35.372880000000002,35.377380000000002,35.38158,35.38588,35.390180000000001,35.394480000000001,35.398780000000002,35.402979999999999,35.40728,35.411480000000005,35.415780000000005,35.420080000000006,35.424379999999999,35.42868,35.432880000000004,35.437080000000002,35.441480000000006,35.445680000000003,35.449980000000004,35.454280000000004,35.458680000000001,35.462880000000006,35.467280000000002,35.471679999999999,35.47598,35.480380000000004,35.484780000000001,35.489280000000001,35.493680000000005,35.498080000000002,35.502380000000002,35.506779999999999,35.511180000000003,35.515480000000004,35.519780000000004,35.524180000000001,35.528480000000002,35.532780000000002,35.537080000000003,35.541380000000004,35.545580000000001,35.549880000000002,35.554180000000002,35.558480000000003,35.562780000000004,35.567080000000004,35.571480000000001,35.575880000000005,35.580180000000006,35.584780000000002,35.589179999999999,35.593679999999999,35.59798,35.60248,35.606880000000004,35.611180000000004,35.615480000000005,35.619680000000002,35.623980000000003,35.628080000000004,35.632380000000005,35.636580000000002,35.640880000000003,35.64508,35.649380000000001,35.653480000000002,35.657980000000002,35.662379999999999,35.666679999999999,35.67098,35.675380000000004,35.679780000000001,35.684080000000002,35.688380000000002,35.692680000000003,35.69708,35.701280000000004,35.705580000000005,35.709880000000005,35.714179999999999,35.71848,35.722880000000004,35.727180000000004,35.731580000000001,35.735980000000005,35.740380000000002,35.744880000000002,35.749279999999999,35.753680000000003,35.758180000000003,35.762680000000003,35.766980000000004,35.771280000000004,35.775680000000001,35.779880000000006,35.784179999999999,35.78848,35.792680000000004,35.796980000000005,35.801280000000006,35.805680000000002,35.809980000000003,35.81438,35.818680000000001,35.823080000000004,35.827480000000001,35.831880000000005,35.836179999999999,35.840479999999999,35.844680000000004,35.848980000000005,35.853280000000005,35.857680000000002,35.861980000000003,35.86618,35.870480000000001,35.874780000000001,35.879080000000002,35.883380000000002,35.887880000000003,35.892180000000003,35.89658,35.900980000000004,35.905280000000005,35.909580000000005,35.913879999999999,35.918080000000003,35.922380000000004,35.926580000000001,35.930780000000006,35.93488,35.938980000000001,35.942980000000006,35.947180000000003,35.951280000000004,35.955380000000005,35.959479999999999,35.96358,35.967580000000005,35.971679999999999,35.975680000000004,35.979680000000002,35.983780000000003,35.987880000000004,35.992080000000001,35.996079999999999,36.00018,36.004280000000001,36.008380000000002,36.01258,36.016780000000004,36.020980000000002,36.025179999999999,36.02928,36.033480000000004,36.037580000000005,36.041879999999999,36.046080000000003,36.050380000000004,36.054580000000001,36.058880000000002,36.063380000000002,36.067680000000003,36.071980000000003,36.076280000000004,36.080680000000001,36.085080000000005,36.089380000000006,36.093580000000003,36.097880000000004,36.102080000000001,36.106280000000005,36.110480000000003,36.114780000000003,36.118980000000001,36.123180000000005,36.127480000000006,36.131680000000003,36.135980000000004,36.140280000000004,36.144680000000001,36.148880000000005,36.153380000000006,36.157580000000003,36.162080000000003,36.166380000000004,36.170780000000001,36.175180000000005,36.179480000000005,36.183880000000002,36.188180000000003,36.19258,36.196780000000004,36.201180000000001,36.205580000000005,36.210080000000005,36.214480000000002,36.218780000000002,36.223280000000003,36.227679999999999,36.23218,36.23668,36.241080000000004,36.245580000000004,36.249780000000001,36.254280000000001,36.258480000000006,36.262880000000003,36.267180000000003,36.271480000000004,36.275680000000001,36.279980000000002,36.284179999999999,36.288380000000004,36.292580000000001,36.296880000000002,36.301180000000002,36.305280000000003,36.309580000000004,36.313680000000005,36.317980000000006,36.322180000000003,36.32658,36.330780000000004,36.335080000000005,36.339380000000006,36.343679999999999,36.34798,36.35228,36.356680000000004,36.360980000000005,36.365280000000006,36.369680000000002,36.373980000000003,36.378280000000004,36.382680000000001,36.387080000000005,36.391580000000005,36.395980000000002,36.400580000000005,36.404980000000002,36.409379999999999,36.413780000000003,36.418379999999999,36.422780000000003,36.427280000000003,36.431480000000001,36.435780000000001,36.440080000000002,36.444380000000002,36.448680000000003,36.45308,36.457380000000001,36.461680000000001,36.466080000000005,36.470380000000006,36.474780000000003,36.479179999999999,36.483580000000003,36.488080000000004,36.49248,36.496880000000004,36.501280000000001,36.505680000000005,36.510080000000002,36.514479999999999,36.518979999999999,36.523380000000003,36.52778,36.532180000000004,36.536580000000001,36.541080000000001,36.545480000000005,36.549880000000002,36.554180000000002,36.558480000000003,36.56288,36.56718,36.571480000000001,36.575880000000005,36.580180000000006,36.584479999999999,36.58878,36.593180000000004,36.597380000000001,36.601780000000005,36.605980000000002,36.610280000000003,36.614580000000004,36.618780000000001,36.622980000000005,36.627180000000003,36.63138,36.635580000000004,36.639780000000002,36.643979999999999,36.64808,36.652280000000005,36.656480000000002,36.660679999999999,36.66498,36.669180000000004,36.673380000000002,36.677579999999999,36.681780000000003,36.686080000000004,36.690280000000001,36.694380000000002,36.69858,36.702780000000004,36.706980000000001,36.711280000000002,36.715479999999999,36.719680000000004,36.723780000000005,36.728080000000006,36.732379999999999,36.736780000000003,36.74118,36.745580000000004,36.749880000000005,36.754280000000001,36.758480000000006,36.762880000000003,36.76728,36.771680000000003,36.775880000000001,36.780380000000001,36.784480000000002,36.788780000000003,36.793080000000003,36.797380000000004,36.801780000000001,36.806080000000001,36.810380000000002,36.814680000000003,36.818980000000003,36.823280000000004,36.827680000000001,36.832080000000005,36.836380000000005,36.840580000000003,36.84498,36.849380000000004,36.853880000000004,36.858080000000001,36.862580000000001,36.866980000000005,36.871480000000005,36.875880000000002,36.880279999999999,36.884680000000003,36.88908,36.893480000000004,36.897880000000001,36.902380000000001,36.906680000000001,36.911080000000005,36.915580000000006,36.919980000000002,36.924480000000003,36.928980000000003,36.93338,36.937780000000004,36.94218,36.946680000000001,36.951080000000005,36.955480000000001,36.959880000000005,36.964280000000002,36.968580000000003,36.97298,36.977380000000004,36.981680000000004,36.985980000000005,36.990280000000006,36.994680000000002,36.998980000000003,37.00338,37.007680000000001,37.011980000000001,37.016380000000005,37.020680000000006,37.025080000000003,37.02948,37.033880000000003,37.038180000000004,37.042480000000005,37.046980000000005,37.051180000000002,37.055579999999999,37.05988,37.064280000000004,37.068680000000001,37.072980000000001,37.077380000000005,37.081680000000006,37.086080000000003,37.090479999999999,37.094880000000003,37.09928,37.103680000000004,37.108080000000001,37.112580000000001,37.117080000000001,37.121580000000002,37.125980000000006,37.130279999999999,37.13458,37.138980000000004,37.143380000000001,37.147680000000001,37.151980000000002,37.156280000000002,37.160580000000003,37.16498,37.169180000000004,37.173680000000004,37.178080000000001,37.182580000000002,37.187080000000002,37.191580000000002,37.195980000000006,37.200380000000003,37.20478,37.20908,37.213480000000004,37.217780000000005,37.222080000000005,37.226280000000003,37.230580000000003,37.234880000000004,37.239280000000001,37.243580000000001,37.248080000000002,37.252480000000006,37.256880000000002,37.261279999999999,37.265779999999999,37.270180000000003,37.274480000000004,37.278780000000005,37.283180000000002,37.287480000000002,37.291780000000003,37.296080000000003,37.300380000000004,37.304780000000001,37.308980000000005,37.313380000000002,37.317680000000003,37.32188,37.326180000000001,37.330480000000001,37.334880000000005,37.339380000000006,37.343679999999999,37.34798,37.352380000000004,37.356680000000004,37.360880000000002,37.365180000000002,37.36938,37.373580000000004,37.377780000000001,37.381779999999999,37.38608,37.390180000000001,37.394380000000005,37.398580000000003,37.40278,37.407080000000001,37.411280000000005,37.415480000000002,37.41968,37.423880000000004,37.428080000000001,37.432180000000002,37.436280000000004,37.440180000000005,37.444180000000003,37.448280000000004,37.452380000000005,37.456479999999999,37.46058,37.464680000000001,37.468780000000002,37.47298,37.47728,37.481580000000001,37.485880000000002,37.490380000000002,37.494680000000002,37.499079999999999,37.50338,37.507780000000004,37.512180000000001,37.516480000000001,37.520880000000005,37.525179999999999,37.52948,37.533680000000004,37.537980000000005,37.542280000000005,37.546480000000003,37.550780000000003,37.55498,37.559180000000005,37.563480000000006,37.567779999999999,37.572180000000003,37.576480000000004,37.580780000000004,37.585180000000001,37.589680000000001,37.594080000000005,37.598580000000005,37.602980000000002,37.607280000000003,37.611580000000004,37.615880000000004,37.620180000000005,37.624580000000002,37.628779999999999,37.63288,37.637080000000005,37.641180000000006,37.645479999999999,37.64978,37.65408,37.658380000000001,37.662780000000005,37.666980000000002,37.671280000000003,37.675580000000004,37.67998,37.684280000000001,37.688580000000002,37.692779999999999,37.697180000000003,37.70138,37.705680000000001,37.709880000000005,37.714280000000002,37.718580000000003,37.722880000000004,37.727180000000004,37.731580000000001,37.736080000000001,37.740380000000002,37.744880000000002,37.749279999999999,37.753779999999999,37.758180000000003,37.762680000000003,37.76708,37.77158,37.775880000000001,37.780280000000005,37.784680000000002,37.788980000000002,37.793379999999999,37.79768,37.80198,37.806380000000004,37.810780000000001,37.815180000000005,37.819480000000006,37.823880000000003,37.828279999999999,37.83258,37.836980000000004,37.841280000000005,37.845680000000002,37.850080000000005,37.854379999999999,37.858580000000003,37.862780000000001,37.866980000000005,37.871079999999999,37.875280000000004,37.879580000000004,37.883780000000002,37.887880000000003,37.892180000000003,37.896380000000001,37.900680000000001,37.904980000000002,37.909379999999999,37.913679999999999,37.91798,37.922280000000001,37.926780000000001,37.931080000000001,37.935380000000002,37.939680000000003,37.943980000000003,37.948180000000001,37.952480000000001,37.956680000000006,37.960880000000003,37.96508,37.969080000000005,37.973179999999999,37.97728,37.981480000000005,37.985480000000003,37.98968,37.993680000000005,37.997779999999999,38.001780000000004,38.005980000000001,38.010080000000002,38.014279999999999,38.018480000000004,38.022780000000004,38.026980000000002,38.031179999999999,38.03548,38.039680000000004,38.044080000000001,38.048380000000002,38.052780000000006,38.056980000000003,38.061280000000004,38.06568,38.069980000000001,38.074280000000002,38.078479999999999,38.08278,38.08708,38.091380000000001,38.095780000000005,38.100080000000005,38.104379999999999,38.10868,38.113080000000004,38.117280000000001,38.121680000000005,38.125980000000006,38.130180000000003,38.13438,38.138680000000001,38.142980000000001,38.147280000000002,38.151479999999999,38.15578,38.159980000000004,38.164280000000005,38.168680000000002,38.172980000000003,38.177379999999999,38.181580000000004,38.185980000000001,38.190180000000005,38.194580000000002,38.198680000000003,38.20308,38.207280000000004,38.211580000000005,38.215880000000006,38.220179999999999,38.224380000000004,38.228680000000004,38.232980000000005,38.237280000000005,38.241680000000002,38.24588,38.25018,38.254480000000001,38.258680000000005,38.262979999999999,38.267180000000003,38.271380000000001,38.275580000000005,38.279679999999999,38.28398,38.28828,38.292480000000005,38.296780000000005,38.301079999999999,38.305280000000003,38.309780000000003,38.313980000000001,38.318280000000001,38.322580000000002,38.326779999999999,38.330980000000004,38.335180000000001,38.339380000000006,38.34348,38.347680000000004,38.351780000000005,38.355980000000002,38.360080000000004,38.364280000000001,38.368480000000005,38.372779999999999,38.377079999999999,38.38138,38.385680000000001,38.389880000000005,38.394080000000002,38.398380000000003,38.402680000000004,38.406880000000001,38.411080000000005,38.415179999999999,38.419280000000001,38.423580000000001,38.427780000000006,38.431980000000003,38.436280000000004,38.44068,38.444980000000001,38.449280000000002,38.453680000000006,38.457979999999999,38.462380000000003,38.466680000000004,38.471080000000001,38.475380000000001,38.479680000000002,38.483780000000003,38.48798,38.492280000000001,38.496480000000005,38.500680000000003,38.504780000000004,38.508880000000005,38.513080000000002,38.517180000000003,38.521380000000001,38.525580000000005,38.529780000000002,38.53398,38.53828,38.542580000000001,38.546880000000002,38.551180000000002,38.555480000000003,38.55988,38.564080000000004,38.568480000000001,38.572880000000005,38.577180000000006,38.581479999999999,38.58578,38.59008,38.594380000000001,38.598680000000002,38.602780000000003,38.607080000000003,38.611280000000001,38.615680000000005,38.619880000000002,38.624279999999999,38.628579999999999,38.632980000000003,38.637280000000004,38.641680000000001,38.645980000000002,38.650380000000006,38.654780000000002,38.659080000000003,38.663380000000004,38.667480000000005,38.671780000000005,38.675879999999999,38.67998,38.684080000000002,38.688380000000002,38.69258,38.696780000000004,38.700880000000005,38.705080000000002,38.709479999999999,38.71378,38.71808,38.722380000000001,38.726680000000002,38.730980000000002,38.735280000000003,38.73948,38.743780000000001,38.747980000000005,38.752180000000003,38.756480000000003,38.760680000000001,38.764880000000005,38.769080000000002,38.773380000000003,38.77778,38.782080000000001,38.786580000000001,38.790880000000001,38.795380000000002,38.799579999999999,38.803980000000003,38.80838,38.812780000000004,38.816980000000001,38.821180000000005,38.825479999999999,38.829680000000003,38.833880000000001,38.838080000000005,38.842280000000002,38.846580000000003,38.85078,38.854980000000005,38.859280000000005,38.863579999999999,38.86788,38.87218,38.87668,38.880880000000005,38.885180000000005,38.889380000000003,38.893680000000003,38.897780000000004,38.902080000000005,38.906179999999999,38.91048,38.914580000000001,38.918780000000005,38.922879999999999,38.92718,38.931280000000001,38.935580000000002,38.939779999999999,38.94408,38.94838,38.952680000000001,38.956980000000001,38.961280000000002,38.965479999999999,38.96978,38.974080000000001,38.978280000000005,38.982480000000002,38.986580000000004,38.990780000000001,38.994980000000005,38.999079999999999,39.00318,39.007480000000001,39.011680000000005,39.015779999999999,39.02008,39.024280000000005,39.028580000000005,39.032679999999999,39.036880000000004,39.041080000000001,39.045380000000002,39.049480000000003,39.053879999999999,39.058080000000004,39.062380000000005,39.066580000000002,39.070779999999999,39.074980000000004,39.079280000000004,39.083480000000002,39.087679999999999,39.09198,39.09628,39.100580000000001,39.104980000000005,39.109380000000002,39.113680000000002,39.118079999999999,39.12238,39.126780000000004,39.131080000000004,39.135480000000001,39.139580000000002,39.14378,39.147880000000001,39.152180000000001,39.156380000000006,39.160580000000003,39.16478,39.168980000000005,39.173180000000002,39.177480000000003,39.18168,39.185980000000001,39.190280000000001,39.194480000000006,39.198779999999999,39.20308,39.207280000000004,39.211580000000005,39.215780000000002,39.21998,39.224180000000004,39.228480000000005,39.232780000000005,39.236980000000003,39.24118,39.245180000000005,39.249279999999999,39.253080000000004,39.256880000000002,39.260680000000001,39.264680000000006,39.268480000000004,39.272380000000005,39.27628,39.280080000000005,39.28398,39.288180000000004,39.292480000000005,39.296680000000002,39.300980000000003,39.305080000000004,39.309380000000004,39.313680000000005,39.317980000000006,39.322180000000003,39.326480000000004,39.330680000000001,39.334980000000002,39.339179999999999,39.343380000000003,39.347580000000001,39.351780000000005,39.355780000000003,39.359880000000004,39.363980000000005,39.367980000000003,39.372080000000004,39.376080000000002,39.380180000000003,39.384180000000001,39.388380000000005,39.392380000000003,39.396680000000003,39.400780000000005,39.405080000000005,39.409280000000003,39.413679999999999,39.41798,39.422380000000004,39.426680000000005,39.430980000000005,39.435279999999999,39.439680000000003,39.44388,39.448080000000004,39.452480000000001,39.456680000000006,39.460880000000003,39.46508,39.469280000000005,39.473480000000002,39.477780000000003,39.482080000000003,39.486580000000004,39.49098,39.495480000000001,39.499880000000005,39.504380000000005,39.508780000000002,39.513280000000002,39.517680000000006,39.521979999999999,39.52628,39.53058,39.534880000000001,39.539180000000002,39.543379999999999,39.54768,39.552080000000004,39.556280000000001,39.560580000000002,39.564880000000002,39.569279999999999,39.573480000000004,39.57788,39.582180000000001,39.586480000000002,39.590780000000002,39.595080000000003,39.59948,39.603880000000004,39.608180000000004,39.612380000000002,39.616680000000002,39.62088,39.624980000000001,39.629180000000005,39.633279999999999,39.637480000000004,39.641680000000001,39.645880000000005,39.650280000000002,39.65448,39.65878,39.663180000000004,39.667580000000001,39.671980000000005,39.676280000000006,39.680579999999999,39.68488,39.689080000000004,39.693380000000005,39.697680000000005,39.701979999999999,39.706180000000003,39.710380000000001,39.714680000000001,39.719080000000005,39.723379999999999,39.727780000000003,39.73218,39.73648,39.74098,39.745380000000004,39.749680000000005,39.754080000000002,39.758380000000002,39.762680000000003,39.76708,39.771380000000001,39.775680000000001,39.779980000000002,39.784280000000003,39.788580000000003,39.79298,39.797380000000004,39.801780000000001,39.806080000000001,39.810480000000005,39.814880000000002,39.819279999999999,39.82358,39.82788,39.832180000000001,39.836380000000005,39.840679999999999,39.844880000000003,39.849080000000001,39.853380000000001,39.857580000000006,39.86168,39.86598,39.870180000000005,39.874380000000002,39.878480000000003,39.882780000000004,39.886980000000001,39.891280000000002,39.895580000000002,39.899680000000004,39.904180000000004,39.908380000000001,39.912680000000002,39.916879999999999,39.921080000000003,39.925280000000001,39.929480000000005,39.933579999999999,39.93788,39.941980000000001,39.946080000000002,39.95008,39.954280000000004,39.958380000000005,39.962580000000003,39.96678,39.970880000000001,39.975080000000005,39.979280000000003,39.983580000000003,39.987780000000001,39.992080000000001,39.996380000000002,40.000680000000003,40.004980000000003,40.009280000000004,40.013580000000005,40.017780000000002,40.021979999999999,40.02628,40.030480000000004,40.034680000000002,40.038879999999999,40.04298,40.047280000000001,40.051380000000002,40.055579999999999,40.05968,40.063980000000001,40.068180000000005,40.072380000000003,40.076680000000003,40.080880000000001,40.084980000000002,40.089179999999999,40.093380000000003,40.097680000000004,40.101880000000001,40.106080000000006,40.110379999999999,40.11468,40.118980000000001,40.123280000000001,40.127580000000002,40.131980000000006,40.136279999999999,40.140680000000003,40.14508,40.149480000000004,40.153780000000005,40.157980000000002,40.162379999999999,40.166580000000003,40.17098,40.175080000000001,40.179480000000005,40.183680000000003,40.187780000000004,40.191980000000001,40.196180000000005,40.200380000000003,40.204680000000003,40.208880000000001,40.213180000000001,40.217480000000002,40.221780000000003,40.22598,40.23028,40.234580000000001,40.238880000000002,40.243180000000002,40.247480000000003,40.25188,40.256180000000001,40.260580000000004,40.264880000000005,40.269380000000005,40.273679999999999,40.278080000000003,40.28248,40.28698,40.291380000000004,40.295780000000001,40.300080000000001,40.304380000000002,40.308680000000003,40.312980000000003,40.31738,40.321680000000001,40.325880000000005,40.330180000000006,40.334479999999999,40.338680000000004,40.342980000000004,40.347280000000005,40.351580000000006,40.355879999999999,40.36018,40.364580000000004,40.368880000000004,40.373180000000005,40.377580000000002,40.381980000000006,40.386380000000003,40.390779999999999,40.39528,40.399680000000004,40.40408,40.408480000000004,40.412880000000001,40.417180000000002,40.421480000000003,40.425879999999999,40.43018,40.43468,40.438880000000005,40.443280000000001,40.447580000000002,40.451979999999999,40.45628,40.460680000000004,40.46508,40.469480000000004,40.473880000000001,40.478180000000002,40.482480000000002,40.486879999999999,40.491080000000004,40.495480000000001,40.499780000000001,40.503980000000006,40.508380000000002,40.512680000000003,40.516980000000004,40.521280000000004,40.525580000000005,40.529880000000006,40.534280000000003,40.53848,40.54278,40.546980000000005,40.551380000000002,40.555579999999999,40.55968,40.563880000000005,40.568080000000002,40.572180000000003,40.576280000000004,40.580380000000005,40.584580000000003,40.588680000000004,40.592880000000001,40.597180000000002,40.601580000000006,40.605879999999999,40.61018,40.614580000000004,40.619080000000004,40.623580000000004,40.627980000000001,40.632280000000002,40.636580000000002,40.640979999999999,40.645180000000003,40.64958,40.653680000000001,40.657780000000002,40.661880000000004,40.666080000000001,40.670280000000005,40.674480000000003,40.678780000000003,40.682880000000004,40.687180000000005,40.691480000000006,40.695880000000002,40.700180000000003,40.704480000000004,40.708880000000001,40.713380000000001,40.717780000000005,40.722180000000002,40.726480000000002,40.730780000000003,40.735080000000004,40.739380000000004,40.743680000000005,40.747980000000005,40.752180000000003,40.75638,40.760680000000001,40.764980000000001,40.769280000000002,40.773479999999999,40.777880000000003,40.78228,40.786680000000004,40.790980000000005,40.795280000000005,40.799480000000003,40.803879999999999,40.80818,40.812580000000004,40.816780000000001,40.821080000000002,40.825279999999999,40.82958,40.833880000000001,40.838280000000005,40.842680000000001,40.846980000000002,40.851179999999999,40.85548,40.859780000000001,40.864080000000001,40.868380000000002,40.872480000000003,40.876780000000004,40.880980000000001,40.885180000000005,40.889279999999999,40.893380000000001,40.897580000000005,40.901679999999999,40.905880000000003,40.910080000000001,40.914180000000002,40.918379999999999,40.92268,40.926880000000004,40.931180000000005,40.935480000000005,40.939779999999999,40.944180000000003,40.94838,40.952580000000005,40.956880000000005,40.960979999999999,40.96508,40.969280000000005,40.973480000000002,40.977580000000003,40.981680000000004,40.985780000000005,40.989879999999999,40.994080000000004,40.998480000000001,41.002680000000005,41.006980000000006,41.01108,41.01538,41.019680000000001,41.023980000000002,41.028280000000002,41.032580000000003,41.03698,41.041180000000004,41.045380000000002,41.049579999999999,41.053879999999999,41.05818,41.062480000000001,41.066680000000005,41.070980000000006,41.075180000000003,41.079480000000004,41.083780000000004,41.088280000000005,41.092680000000001,41.096980000000002,41.101379999999999,41.105580000000003,41.109880000000004,41.114180000000005,41.118480000000005,41.122680000000003,41.12688,41.130980000000001,41.135280000000002,41.139580000000002,41.143880000000003,41.14808,41.152480000000004,41.156780000000005,41.161180000000002,41.165480000000002,41.169879999999999,41.17418,41.178580000000004,41.182880000000004,41.187280000000001,41.191580000000002,41.195880000000002,41.200180000000003,41.204480000000004,41.208880000000001,41.213280000000005,41.217680000000001,41.222080000000005,41.226379999999999,41.230780000000003,41.23518,41.239580000000004,41.243980000000001,41.248280000000001,41.252580000000002,41.256779999999999,41.261180000000003,41.265280000000004,41.269480000000001,41.273679999999999,41.27778,41.282080000000001,41.286280000000005,41.290580000000006,41.294879999999999,41.29898,41.303280000000001,41.307580000000002,41.311880000000002,41.316079999999999,41.320280000000004,41.324580000000005,41.328680000000006,41.332880000000003,41.33708,41.341280000000005,41.345480000000002,41.349679999999999,41.35378,41.357880000000002,41.362079999999999,41.36618,41.370480000000001,41.374680000000005,41.378980000000006,41.383180000000003,41.38738,41.391580000000005,41.395880000000005,41.400280000000002,41.404679999999999,41.408880000000003,41.413180000000004,41.417480000000005,41.421780000000005,41.426079999999999,41.43038,41.43468,41.438980000000001,41.443280000000001,41.447580000000002,41.451979999999999,41.456380000000003,41.46078,41.46508,41.469380000000001,41.473780000000005,41.478180000000002,41.482480000000002,41.48668,41.49098,41.495180000000005,41.499180000000003,41.50338,41.507480000000001,41.511479999999999,41.515480000000004,41.519480000000001,41.523380000000003,41.527380000000001,41.531380000000006,41.53548,41.539580000000001,41.543680000000002,41.547879999999999,41.55198,41.556180000000005,41.560480000000005,41.564779999999999,41.568980000000003,41.573280000000004,41.577380000000005,41.581580000000002,41.58578,41.589980000000004,41.594080000000005,41.598379999999999,41.60248,41.606580000000001,41.610680000000002,41.614980000000003,41.61918,41.623380000000004,41.627680000000005,41.631880000000002,41.636279999999999,41.64038,41.644580000000005,41.648880000000005,41.653080000000003,41.65728,41.661480000000005,41.665680000000002,41.669879999999999,41.674080000000004,41.678280000000001,41.682480000000005,41.686680000000003,41.69088,41.695080000000004,41.699280000000002,41.703479999999999,41.707680000000003,41.711880000000001,41.716180000000001,41.720380000000006,41.724580000000003,41.72878,41.732980000000005,41.737180000000002,41.741480000000003,41.74568,41.750080000000004,41.754380000000005,41.758580000000002,41.762880000000003,41.767180000000003,41.771380000000001,41.775780000000005,41.780180000000001,41.784480000000002,41.788580000000003,41.792580000000001,41.796780000000005,41.800879999999999,41.80498,41.809180000000005,41.813180000000003,41.81718,41.821080000000002,41.82508,41.829080000000005,41.833080000000002,41.837180000000004,41.841080000000005,41.845179999999999,41.849180000000004,41.853180000000002,41.857280000000003,41.861380000000004,41.865580000000001,41.869780000000006,41.874079999999999,41.878280000000004,41.882580000000004,41.886780000000002,41.891080000000002,41.895380000000003,41.899480000000004,41.903780000000005,41.907980000000002,41.912179999999999,41.916380000000004,41.920480000000005,41.924780000000005,41.928879999999999,41.933080000000004,41.937280000000001,41.941680000000005,41.945880000000002,41.95008,41.954180000000001,41.958380000000005,41.962679999999999,41.966680000000004,41.970880000000001,41.974980000000002,41.979080000000003,41.983280000000001,41.987380000000002,41.991579999999999,41.995780000000003,41.999980000000001,42.004280000000001,42.008480000000006,42.012880000000003,42.016980000000004,42.021380000000001,42.025580000000005,42.029880000000006,42.034280000000003,42.038679999999999,42.043080000000003,42.04748,42.051880000000004,42.056280000000001,42.060880000000004,42.065380000000005,42.069880000000005,42.074380000000005,42.078880000000005,42.083380000000005,42.087780000000002,42.092280000000002,42.096780000000003,42.101179999999999,42.105780000000003,42.11018,42.11468,42.119080000000004,42.123480000000001,42.127880000000005,42.132280000000002,42.136479999999999,42.140779999999999,42.145180000000003,42.149480000000004,42.153880000000001,42.158280000000005,42.162580000000005,42.166879999999999,42.17118,42.17548,42.180080000000004,42.184280000000001,42.188680000000005,42.192980000000006,42.197380000000003,42.201680000000003,42.206180000000003,42.21058,42.214880000000001,42.219280000000005,42.223680000000002,42.228080000000006,42.232480000000002,42.23668,42.241080000000004,42.245380000000004,42.249580000000002,42.253980000000006,42.258180000000003,42.26238,42.266680000000001,42.271080000000005,42.275280000000002,42.279580000000003,42.28378,42.288080000000001,42.292280000000005,42.296579999999999,42.300879999999999,42.30518,42.309280000000001,42.313480000000006,42.317779999999999,42.321980000000003,42.326080000000005,42.330280000000002,42.334479999999999,42.338680000000004,42.342880000000001,42.347080000000005,42.351480000000002,42.35568,42.360080000000004,42.364380000000004,42.368780000000001,42.372980000000005,42.377380000000002,42.381480000000003,42.38588,42.390080000000005,42.394380000000005,42.398580000000003,42.40278,42.406880000000001,42.411080000000005,42.415280000000003,42.41948,42.423680000000004,42.427780000000006,42.431980000000003,42.436080000000004,42.440380000000005,42.444480000000006,42.448680000000003,42.45288,42.457080000000005,42.461280000000002,42.465580000000003,42.46978,42.473980000000005,42.478180000000002,42.482480000000002,42.48668,42.491080000000004,42.495280000000001,42.499480000000005,42.503779999999999,42.50808,42.512480000000004,42.516680000000001,42.521080000000005,42.525380000000006,42.529580000000003,42.533880000000003,42.53828,42.542380000000001,42.546680000000002,42.550879999999999,42.555080000000004,42.559180000000005,42.563380000000002,42.567480000000003,42.571680000000001,42.575680000000006,42.57978,42.583980000000004,42.588180000000001,42.592179999999999,42.59628,42.600380000000001,42.604379999999999,42.608580000000003,42.612680000000005,42.616980000000005,42.621079999999999,42.62538,42.629480000000001,42.633780000000002,42.637979999999999,42.64228,42.64658,42.650780000000005,42.654980000000002,42.659179999999999,42.663380000000004,42.667580000000001,42.671880000000002,42.676180000000002,42.680480000000003,42.68468,42.688980000000001,42.693180000000005,42.697580000000002,42.701880000000003,42.706180000000003,42.710380000000001,42.714680000000001,42.718980000000002,42.723379999999999,42.727580000000003,42.731880000000004,42.736180000000004,42.740580000000001,42.744980000000005,42.749279999999999,42.753579999999999,42.75788,42.762180000000001,42.766480000000001,42.770980000000002,42.775280000000002,42.779580000000003,42.78378,42.788080000000001,42.792280000000005,42.796680000000002,42.800780000000003,42.80498,42.809180000000005,42.813279999999999,42.81738,42.821480000000001,42.825680000000006,42.82978,42.833880000000001,42.837980000000002,42.842179999999999,42.84628,42.850380000000001,42.854580000000006,42.858780000000003,42.86298,42.867180000000005,42.871380000000002,42.875680000000003,42.87988,42.884080000000004,42.888280000000002,42.892479999999999,42.89678,42.900980000000004,42.905180000000001,42.909379999999999,42.913580000000003,42.91778,42.921980000000005,42.926380000000002,42.930579999999999,42.93488,42.93918,42.943380000000005,42.947780000000002,42.951979999999999,42.95628,42.960480000000004,42.964780000000005,42.968880000000006,42.973179999999999,42.97728,42.981480000000005,42.985579999999999,42.989780000000003,42.994080000000004,42.998280000000001,43.002480000000006,43.006680000000003,43.01088,43.015080000000005,43.019380000000005,43.023580000000003,43.027880000000003,43.032080000000001,43.036180000000002,43.040379999999999,43.044780000000003,43.04898,43.053180000000005,43.057180000000002,43.06138,43.065480000000001,43.069680000000005,43.073779999999999,43.07808,43.082280000000004,43.086480000000002,43.090580000000003,43.094880000000003,43.099180000000004,43.103480000000005,43.107680000000002,43.111980000000003,43.11618,43.120280000000001,43.124380000000002,43.12838,43.132480000000001,43.136580000000002,43.140680000000003,43.144680000000001,43.148780000000002,43.152880000000003,43.157080000000001,43.160980000000002,43.16498,43.168980000000005,43.172980000000003,43.17698,43.181080000000001,43.183980000000005,43.184280000000001,43.183480000000003,43.182280000000006,43.180880000000002,43.179180000000002,43.177379999999999,43.175280000000001,43.173180000000002,43.171080000000003,43.169980000000002,43.171480000000003,43.173680000000004,43.176380000000002,43.179480000000005,43.182780000000001,43.18618,43.189579999999999,43.193080000000002,43.196580000000004,43.200279999999999,43.203880000000005,43.20758,43.211280000000002,43.214880000000001,43.218679999999999,43.222580000000001,43.226580000000006,43.23048,43.234380000000002,43.238280000000003,43.242280000000001,43.246279999999999,43.250280000000004,43.254480000000001,43.258580000000002,43.26258,43.266580000000005,43.270680000000006,43.274880000000003,43.278980000000004,43.283180000000002,43.287280000000003,43.291380000000004,43.295480000000005,43.299579999999999,43.30368,43.307780000000001,43.311980000000005,43.315980000000003,43.320280000000004,43.324280000000002,43.328279999999999,43.332280000000004,43.336380000000005,43.340479999999999,43.344480000000004,43.348480000000002,43.35248,43.356380000000001,43.360480000000003,43.36448,43.368780000000001,43.372880000000002,43.377079999999999,43.381280000000004,43.385380000000005,43.389680000000006,43.39378,43.397980000000004,43.402180000000001,43.406280000000002,43.41048,43.414680000000004,43.418780000000005,43.422980000000003,43.427080000000004,43.431280000000001,43.435380000000002,43.439579999999999,43.443780000000004,43.447880000000005,43.451979999999999,43.45608,43.460180000000001,43.464280000000002,43.468380000000003,43.472380000000001,43.476580000000006,43.480580000000003,43.484680000000004,43.488780000000006,43.492980000000003,43.49718,43.501480000000001,43.505680000000005,43.509880000000003,43.51408,43.518280000000004,43.522480000000002,43.526679999999999,43.53078,43.534980000000004,43.539080000000006,43.54318,43.547280000000001,43.551380000000002,43.555480000000003,43.559480000000001,43.563680000000005,43.567680000000003,43.57188,43.575980000000001,43.580080000000002,43.584180000000003,43.588480000000004,43.592680000000001,43.596980000000002,43.601080000000003,43.60528,43.609380000000002,43.613480000000003,43.61768,43.621780000000001,43.625880000000002,43.62988,43.633880000000005,43.637979999999999,43.642180000000003,43.646380000000001,43.650680000000001,43.654880000000006,43.65898,43.663180000000004,43.667280000000005,43.671480000000003,43.67568,43.679680000000005,43.683880000000002,43.68788,43.691980000000001,43.696080000000002,43.700279999999999,43.704280000000004,43.708380000000005,43.712479999999999,43.71658,43.720680000000002,43.724879999999999,43.72898,43.733180000000004,43.737380000000002,43.741579999999999,43.745780000000003,43.749980000000001,43.754380000000005,43.758680000000005,43.762880000000003,43.767180000000003,43.771480000000004,43.775580000000005,43.779780000000002,43.783880000000003,43.788180000000004,43.792380000000001,43.796680000000002,43.800980000000003,43.805280000000003,43.809580000000004,43.813780000000001,43.818180000000005,43.822380000000003,43.826680000000003,43.830980000000004,43.835180000000001,43.839380000000006,43.843580000000003,43.84778,43.852080000000001,43.856280000000005,43.860579999999999,43.864780000000003,43.869280000000003,43.873580000000004,43.877980000000001,43.882380000000005,43.886780000000002,43.891380000000005,43.895680000000006,43.900280000000002,43.904780000000002,43.909280000000003,43.913879999999999,43.918379999999999,43.922980000000003,43.927480000000003,43.93188,43.936280000000004,43.94088,43.94538,43.94988,43.95438,43.958680000000001,43.963180000000001,43.967580000000005,43.971980000000002,43.976379999999999,43.980879999999999,43.985280000000003,43.989580000000004,43.993880000000004,43.998280000000001,44.002580000000002,44.006779999999999,44.011180000000003,44.015480000000004,44.019880000000001,44.024080000000005,44.028380000000006,44.032679999999999,44.037080000000003,44.04128,44.045580000000001,44.049880000000002,44.054180000000002,44.058480000000003,44.062780000000004,44.067080000000004,44.071480000000001,44.075880000000005,44.080180000000006,44.084679999999999,44.089080000000003,44.09348,44.09778,44.102080000000001,44.106480000000005,44.110880000000002,44.115180000000002,44.119480000000003,44.123780000000004,44.12818,44.132380000000005,44.136680000000005,44.140979999999999,44.145380000000003,44.149680000000004,44.153780000000005,44.158080000000005,44.162280000000003,44.166679999999999,44.170780000000001,44.174980000000005,44.179079999999999,44.183280000000003,44.187380000000005,44.191480000000006,44.19558,44.199780000000004,44.203980000000001,44.208180000000006,44.212479999999999,44.216680000000004,44.220880000000001,44.225280000000005,44.229580000000006,44.233879999999999,44.23818,44.242380000000004,44.246680000000005,44.250980000000006,44.255279999999999,44.259480000000003,44.263680000000001,44.267780000000002,44.271979999999999,44.27628,44.280480000000004,44.284780000000005,44.288980000000002,44.29318,44.297380000000004,44.301580000000001,44.305880000000002,44.310180000000003,44.31438,44.318580000000004,44.322780000000002,44.326779999999999,44.330780000000004,44.334780000000002,44.33878,44.342780000000005,44.346879999999999,44.35098,44.354980000000005,44.358980000000003,44.36318,44.367380000000004,44.371680000000005,44.375980000000006,44.38008,44.38438,44.388480000000001,44.392680000000006,44.396880000000003,44.400980000000004,44.404880000000006,44.408880000000003,44.412880000000001,44.416980000000002,44.421080000000003,44.425180000000005,44.429280000000006,44.433480000000003,44.437780000000004,44.441880000000005,44.446180000000005,44.450380000000003,44.454680000000003,44.458680000000001,44.462980000000002,44.46698,44.471180000000004,44.475180000000002,44.479179999999999,44.483280000000001,44.487280000000005,44.491379999999999,44.495380000000004,44.499580000000002,44.503579999999999,44.507780000000004,44.511980000000001,44.516180000000006,44.520479999999999,44.52478,44.52908,44.533480000000004,44.537680000000002,44.541980000000002,44.54618,44.550580000000004,44.554880000000004,44.559180000000005,44.563480000000006,44.567680000000003,44.571780000000004,44.576180000000001,44.580480000000001,44.584780000000002,44.589080000000003,44.59328,44.597580000000001,44.601780000000005,44.606280000000005,44.610579999999999,44.614879999999999,44.61918,44.623480000000001,44.627780000000001,44.632080000000002,44.636279999999999,44.640480000000004,44.644580000000005,44.648679999999999,44.652880000000003,44.656980000000004,44.661080000000005,44.665080000000003,44.669280000000001,44.673480000000005,44.677680000000002,44.681780000000003,44.685880000000004,44.690080000000002,44.694279999999999,44.698480000000004,44.702580000000005,44.706780000000002,44.710880000000003,44.714880000000001,44.719180000000001,44.723280000000003,44.727580000000003,44.731780000000001,44.736080000000001,44.740280000000006,44.744579999999999,44.74888,44.753080000000004,44.757280000000002,44.761479999999999,44.76558,44.769680000000001,44.773679999999999,44.777680000000004,44.781780000000005,44.785679999999999,44.78978,44.793680000000002,44.797980000000003,44.80198,44.806280000000001,44.810480000000005,44.814779999999999,44.818980000000003,44.823180000000001,44.827380000000005,44.831680000000006,44.835880000000003,44.84008,44.844280000000005,44.848480000000002,44.852580000000003,44.856780000000001,44.860980000000005,44.865079999999999,44.869280000000003,44.873480000000001,44.877780000000001,44.882080000000002,44.886380000000003,44.890680000000003,44.894980000000004,44.899180000000001,44.903480000000002,44.907880000000006,44.912280000000003,44.916580000000003,44.920780000000001,44.925080000000001,44.929180000000002,44.933579999999999,44.937780000000004,44.941980000000001,44.946280000000002,44.950479999999999,44.954680000000003,44.958880000000001,44.963080000000005,44.967380000000006,44.971679999999999,44.97598,44.980180000000004,44.984480000000005,44.988379999999999,44.992180000000005,44.995980000000003,44.999780000000001,45.003480000000003,45.007180000000005,45.01088,45.014580000000002,45.018280000000004,45.022080000000003,45.02608,45.030180000000001,45.034480000000002,45.038580000000003,45.042880000000004,45.046980000000005,45.051180000000002,45.055280000000003,45.059480000000001,45.063580000000002,45.067779999999999,45.071780000000004,45.075880000000005,45.079979999999999,45.08408,45.088180000000001,45.092280000000002,45.096380000000003,45.100480000000005,45.104680000000002,45.108879999999999,45.113280000000003,45.117380000000004,45.121580000000002,45.125779999999999,45.129980000000003,45.134180000000001,45.138280000000002,45.142380000000003,45.146480000000004,45.150480000000002,45.154580000000003,45.15878,45.162880000000001,45.166980000000002,45.171080000000003,45.175180000000005,45.179480000000005,45.183579999999999,45.18788,45.192080000000004,45.196180000000005,45.200380000000003,45.204480000000004,45.208680000000001,45.212679999999999,45.216880000000003,45.220780000000005,45.224879999999999,45.228880000000004,45.232980000000005,45.237079999999999,45.241080000000004,45.245280000000001,45.249279999999999,45.25338,45.257480000000001,45.261580000000002,45.265779999999999,45.269780000000004,45.273880000000005,45.277979999999999,45.281980000000004,45.285980000000002,45.28998,45.294180000000004,45.298180000000002,45.302280000000003,45.306180000000005,45.310180000000003,45.314080000000004,45.318280000000001,45.322279999999999,45.326180000000001,45.330380000000005,45.334479999999999,45.338480000000004,45.342580000000005,45.346679999999999,45.35078,45.354880000000001,45.358980000000003,45.363080000000004,45.367080000000001,45.371279999999999,45.37538,45.37968,45.383880000000005,45.388180000000006,45.392380000000003,45.39658,45.400780000000005,45.404980000000002,45.409280000000003,45.41348,45.417580000000001,45.421780000000005,45.425980000000003,45.43018,45.434380000000004,45.438480000000006,45.44258,45.446780000000004,45.451080000000005,45.455280000000002,45.459380000000003,45.46358,45.467680000000001,45.471679999999999,45.475880000000004,45.479980000000005,45.484079999999999,45.488080000000004,45.492080000000001,45.495980000000003,45.50018,45.504180000000005,45.508380000000002,45.51258,45.516680000000001,45.520880000000005,45.525179999999999,45.52948,45.533680000000004,45.537980000000005,45.542180000000002,45.546579999999999,45.55068,45.554880000000004,45.558880000000002,45.563079999999999,45.56718,45.571380000000005,45.575479999999999,45.579680000000003,45.583780000000004,45.588080000000005,45.592280000000002,45.596580000000003,45.60078,45.605080000000001,45.609180000000002,45.613379999999999,45.617580000000004,45.621680000000005,45.625779999999999,45.62988,45.633980000000001,45.637979999999999,45.64208,45.646180000000001,45.650280000000002,45.65448,45.658680000000004,45.662880000000001,45.667180000000002,45.67118,45.675280000000001,45.679380000000002,45.683480000000003,45.687580000000004,45.691680000000005,45.69558,45.699680000000001,45.703580000000002,45.70758,45.711680000000001,45.715679999999999,45.719880000000003,45.723980000000005,45.728180000000002,45.732280000000003,45.73648,45.740580000000001,45.744680000000002,45.748780000000004,45.752980000000001,45.757180000000005,45.761279999999999,45.76538,45.769480000000001,45.772680000000001,45.775680000000001,45.778680000000001,45.781580000000005,45.784580000000005,45.787379999999999,45.790379999999999,45.79318,45.79618,45.799080000000004,45.802880000000002,45.80688,45.810980000000001,45.815080000000002,45.81908,45.823180000000001,45.827280000000002,45.831479999999999,45.83558,45.839680000000001,45.843780000000002,45.847880000000004,45.851980000000005,45.856080000000006,45.86018,45.864180000000005,45.868280000000006,45.87238,45.876380000000005,45.880480000000006,45.88458,45.888680000000001,45.892780000000002,45.896880000000003,45.900980000000004,45.905080000000005,45.909080000000003,45.913180000000004,45.917280000000005,45.921280000000003,45.925380000000004,45.929380000000002,45.933480000000003,45.937580000000004,45.941580000000002,45.945680000000003,45.94988,45.953980000000001,45.958180000000006,45.962380000000003,45.96658,45.970880000000001,45.975080000000005,45.979280000000003,45.98348,45.987680000000005,45.991880000000002,45.996079999999999,46.000280000000004,46.004380000000005,46.008580000000002,46.012680000000003,46.01688,46.021080000000005,46.025280000000002,46.029580000000003,46.03378,46.037980000000005,46.042180000000002,46.046379999999999,46.05048,46.054580000000001,46.058680000000003,46.062780000000004,46.066880000000005,46.070880000000002,46.07488,46.078980000000001,46.083080000000002,46.08728,46.091480000000004,46.095680000000002,46.099879999999999,46.104080000000003,46.108380000000004,46.112580000000001,46.116680000000002,46.120980000000003,46.12538,46.129480000000001,46.133680000000005,46.137779999999999,46.141980000000004,46.146080000000005,46.150280000000002,46.15448,46.158680000000004,46.162780000000005,46.166980000000002,46.17118,46.17548,46.179780000000001,46.184080000000002,46.188380000000002,46.192680000000003,46.196980000000003,46.201080000000005,46.205280000000002,46.209380000000003,46.21358,46.217780000000005,46.221879999999999,46.226080000000003,46.230180000000004,46.234480000000005,46.238579999999999,46.24288,46.247280000000003,46.25168,46.255980000000001,46.260180000000005,46.264479999999999,46.268680000000003,46.272980000000004,46.277280000000005,46.281580000000005,46.285879999999999,46.290080000000003,46.294380000000004,46.298480000000005,46.302780000000006,46.307079999999999,46.31138,46.31568,46.319880000000005,46.324180000000005,46.328380000000003,46.33258,46.336880000000001,46.341080000000005,46.345280000000002,46.34948,46.353680000000004,46.357880000000002,46.362079999999999,46.366280000000003,46.370380000000004,46.374680000000005,46.378880000000002,46.383180000000003,46.38738,46.391680000000001,46.395980000000002,46.400380000000006,46.404580000000003,46.40898,46.41328,46.417580000000001,46.421680000000002,46.425980000000003,46.430280000000003,46.434580000000004,46.438880000000005,46.442980000000006,46.447180000000003,46.45138,46.455780000000004,46.459980000000002,46.464179999999999,46.468380000000003,46.472680000000004,46.476980000000005,46.481380000000001,46.485680000000002,46.489980000000003,46.494280000000003,46.498480000000001,46.502680000000005,46.506980000000006,46.511279999999999,46.515680000000003,46.519880000000001,46.524080000000005,46.528480000000002,46.532679999999999,46.537080000000003,46.541380000000004,46.545680000000004,46.549880000000002,46.554280000000006,46.558480000000003,46.562780000000004,46.566980000000001,46.571180000000005,46.575180000000003,46.579480000000004,46.583680000000001,46.587780000000002,46.59198,46.59628,46.600380000000001,46.604480000000002,46.60868,46.612780000000001,46.616980000000005,46.621079999999999,46.625280000000004,46.629280000000001,46.633380000000002,46.637480000000004,46.641580000000005,46.645680000000006,46.649880000000003,46.65408,46.658180000000002,46.662379999999999,46.66648,46.670780000000001,46.674880000000002,46.679079999999999,46.68318,46.687380000000005,46.691480000000006,46.69558,46.699680000000001,46.703680000000006,46.70778,46.711780000000005,46.715880000000006,46.71998,46.723980000000005,46.728080000000006,46.73218,46.736580000000004,46.740780000000001,46.745080000000002,46.749380000000002,46.753579999999999,46.757980000000003,46.762180000000001,46.766480000000001,46.770680000000006,46.774880000000003,46.77908,46.783280000000005,46.787379999999999,46.79148,46.795680000000004,46.799880000000002,46.804180000000002,46.808480000000003,46.81268,46.816980000000001,46.821280000000002,46.825580000000002,46.829979999999999,46.83428,46.83858,46.842880000000001,46.846980000000002,46.851179999999999,46.85548,46.859680000000004,46.863880000000002,46.867980000000003,46.872280000000003,46.876580000000004,46.880880000000005,46.885080000000002,46.889479999999999,46.893880000000003,46.898180000000004,46.902480000000004,46.906780000000005,46.910980000000002,46.915179999999999,46.919280000000001,46.923480000000005,46.927579999999999,46.93168,46.935780000000001,46.939880000000002,46.943980000000003,46.948180000000001,46.952380000000005,46.956479999999999,46.96058,46.964680000000001,46.968880000000006,46.97298,46.97728,46.981380000000001,46.985579999999999,46.989580000000004,46.993680000000005,46.997779999999999,47.001780000000004,47.005880000000005,47.009880000000003,47.01388,47.017980000000001,47.021979999999999,47.02608,47.030180000000001,47.034379999999999,47.038580000000003,47.04278,47.046980000000005,47.051280000000006,47.055579999999999,47.059580000000004,47.063980000000001,47.068180000000005,47.072479999999999,47.07658,47.080880000000001,47.085080000000005,47.089179999999999,47.09328,47.097480000000004,47.101680000000002,47.105879999999999,47.10998,47.114080000000001,47.118380000000002,47.122480000000003,47.126780000000004,47.130980000000001,47.135280000000002,47.139479999999999,47.14378,47.147880000000001,47.152080000000005,47.156280000000002,47.16048,47.164580000000001,47.168680000000002,47.17268,47.176880000000004,47.180880000000002,47.184980000000003,47.188980000000001,47.193180000000005,47.197279999999999,47.20158,47.205680000000001,47.209880000000005,47.214179999999999,47.21848,47.222880000000004,47.226980000000005,47.231180000000002,47.235379999999999,47.239580000000004,47.243680000000005,47.247880000000002,47.251980000000003,47.256080000000004,47.260180000000005,47.264279999999999,47.268380000000001,47.272480000000002,47.276580000000003,47.28078,47.284880000000001,47.289180000000002,47.293379999999999,47.297580000000004,47.301780000000001,47.305980000000005,47.310279999999999,47.31438,47.318680000000001,47.322780000000002,47.326979999999999,47.33108,47.335080000000005,47.339080000000003,47.343180000000004,47.347280000000005,47.351480000000002,47.35548,47.359580000000001,47.363680000000002,47.367780000000003,47.371780000000001,47.375980000000006,47.380180000000003,47.384280000000004,47.388480000000001,47.392479999999999,47.39678,47.400980000000004,47.405280000000005,47.409480000000002,47.413679999999999,47.417880000000004,47.422080000000001,47.426180000000002,47.43038,47.434580000000004,47.438780000000001,47.442880000000002,47.447180000000003,47.451480000000004,47.455680000000001,47.460080000000005,47.464280000000002,47.468679999999999,47.47298,47.477380000000004,47.481680000000004,47.486080000000001,47.490280000000006,47.494480000000003,47.49868,47.502880000000005,47.507080000000002,47.511279999999999,47.515480000000004,47.519580000000005,47.523780000000002,47.527880000000003,47.532080000000001,47.536080000000005,47.540280000000003,47.544380000000004,47.548580000000001,47.552780000000006,47.556780000000003,47.560880000000004,47.565080000000002,47.569279999999999,47.573480000000004,47.577680000000001,47.581780000000002,47.585979999999999,47.590180000000004,47.594380000000001,47.598680000000002,47.602980000000002,47.60718,47.611380000000004,47.615680000000005,47.619880000000002,47.624180000000003,47.628280000000004,47.632380000000005,47.636580000000002,47.640680000000003,47.644780000000004,47.648780000000002,47.65278,47.656780000000005,47.660879999999999,47.66478,47.668880000000001,47.672980000000003,47.67698,47.681080000000001,47.685180000000003,47.689280000000004,47.693480000000001,47.697580000000002,47.701680000000003,47.705980000000004,47.710180000000001,47.714380000000006,47.71848,47.722680000000004,47.726980000000005,47.731280000000005,47.735480000000003,47.739780000000003,47.743880000000004,47.748180000000005,47.752380000000002,47.756680000000003,47.760980000000004,47.765180000000001,47.769280000000002,47.773479999999999,47.77778,47.781980000000004,47.786180000000002,47.790379999999999,47.794580000000003,47.798780000000001,47.802880000000002,47.807079999999999,47.811280000000004,47.815380000000005,47.819580000000002,47.823680000000003,47.82788,47.831980000000001,47.836080000000003,47.84008,47.844180000000001,47.848179999999999,47.852180000000004,47.856280000000005,47.860280000000003,47.864280000000001,47.868380000000002,47.87238,47.876480000000001,47.880680000000005,47.884779999999999,47.88888,47.893080000000005,47.897280000000002,47.901380000000003,47.905380000000001,47.909580000000005,47.913780000000003,47.917880000000004,47.922080000000001,47.926180000000002,47.93038,47.934380000000004,47.938580000000002,47.942680000000003,47.946780000000004,47.950780000000002,47.95478,47.958780000000004,47.962780000000002,47.966880000000003,47.970780000000005,47.974879999999999,47.97878,47.982780000000005,47.986780000000003,47.990780000000001,47.994880000000002,47.99888,48.002780000000001,48.006779999999999,48.010180000000005,48.013480000000001,48.016480000000001,48.019580000000005,48.022580000000005,48.024880000000003,48.026580000000003,48.027880000000003,48.028780000000005,48.02948,48.030480000000004,48.031680000000001,48.032880000000006,48.03398,48.035080000000001,48.03678,48.039080000000006,48.04148,48.043880000000001,48.04598,48.048280000000005,48.05048,48.052680000000002,48.054880000000004,48.057079999999999,48.059280000000001,48.061480000000003,48.063880000000005,48.066680000000005,48.069680000000005,48.072980000000001,48.076180000000001,48.079680000000003,48.083280000000002,48.086780000000005,48.090479999999999,48.094080000000005,48.09778,48.101480000000002,48.10528,48.108879999999999,48.112680000000005,48.116379999999999,48.120180000000005,48.123980000000003,48.127880000000005,48.131680000000003,48.135580000000004,48.139580000000002,48.14358,48.147580000000005,48.151479999999999,48.15558,48.159580000000005,48.163580000000003,48.167580000000001,48.171680000000002,48.17568,48.179680000000005,48.183680000000003,48.18768,48.191680000000005,48.195680000000003,48.199680000000001,48.203580000000002,48.20758,48.211580000000005,48.215479999999999,48.219580000000001,48.223580000000005,48.226379999999999,48.22598,48.225080000000005,48.223980000000005,48.222580000000001,48.221080000000001,48.219580000000001,48.21808,48.216280000000005,48.214580000000005,48.213979999999999,48.21658,48.219580000000001,48.222880000000004,48.226379999999999,48.229880000000001,48.23348,48.237079999999999,48.240780000000001,48.244480000000003,48.248280000000001,48.251980000000003,48.255880000000005,48.259680000000003,48.263480000000001,48.26728,48.271080000000005,48.274880000000003,48.278780000000005,48.282780000000002,48.28678,48.290780000000005,48.294879999999999,48.298880000000004,48.303080000000001,48.307180000000002,48.311480000000003,48.31568,48.319780000000002,48.323979999999999,48.32808,48.332280000000004,48.336380000000005,48.340580000000003,48.344580000000001,48.348680000000002,48.352679999999999,48.356780000000001,48.360780000000005,48.364980000000003,48.369080000000004,48.373180000000005,48.377380000000002,48.381480000000003,48.385680000000001,48.389880000000005,48.394180000000006,48.398380000000003,48.40258,48.406680000000001,48.410879999999999,48.41498,48.419080000000001,48.423280000000005,48.427379999999999,48.431480000000001,48.435680000000005,48.439880000000002,48.44408,48.448180000000001,48.452280000000002,48.456380000000003,48.46058,48.464780000000005,48.468980000000002,48.473179999999999,48.47728,48.481380000000001,48.485480000000003,48.48968,48.493780000000001,48.498080000000002,48.502180000000003,48.50638,48.510380000000005,48.514680000000006,48.51878,48.522980000000004,48.527180000000001,48.531280000000002,48.535380000000004,48.539580000000001,48.543680000000002,48.54768,48.551880000000004,48.555980000000005,48.560079999999999,48.56418,48.568380000000005,48.572580000000002,48.576880000000003,48.58108,48.585380000000001,48.589680000000001,48.593880000000006,48.598179999999999,48.602380000000004,48.606680000000004,48.610880000000002,48.615079999999999,48.619280000000003,48.623480000000001,48.627780000000001,48.631980000000006,48.636180000000003,48.640280000000004,48.644480000000001,48.648580000000003,48.65278,48.656980000000004,48.661180000000002,48.665280000000003,48.66948,48.673780000000001,48.677980000000005,48.682280000000006,48.686579999999999,48.690780000000004,48.694980000000001,48.699180000000005,48.703279999999999,48.70758,48.711780000000005,48.715980000000002,48.720080000000003,48.724180000000004,48.728180000000002,48.732280000000003,48.736380000000004,48.740580000000001,48.744880000000002,48.748980000000003,48.752980000000001,48.757080000000002,48.761380000000003,48.765680000000003,48.77008,48.774180000000001,48.778480000000002,48.782580000000003,48.78678,48.790980000000005,48.795180000000002,48.799379999999999,48.80348,48.807680000000005,48.811880000000002,48.816079999999999,48.820280000000004,48.824480000000001,48.828680000000006,48.832880000000003,48.83708,48.841280000000005,48.845380000000006,48.84948,48.853480000000005,48.857680000000002,48.86168,48.865880000000004,48.869980000000005,48.874279999999999,48.878480000000003,48.882780000000004,48.887080000000005,48.891480000000001,48.895880000000005,48.900179999999999,48.904580000000003,48.90898,48.91348,48.91778,48.921880000000002,48.925879999999999,48.929880000000004,48.933779999999999,48.937780000000004,48.941680000000005,48.94558,48.949480000000001,48.953380000000003,48.957180000000001,48.961280000000002,48.965479999999999,48.969580000000001,48.973780000000005,48.977980000000002,48.98218,48.986380000000004,48.990680000000005,48.994880000000002,48.999079999999999,49.003480000000003,49.007780000000004,49.012080000000005,49.016380000000005,49.020680000000006,49.025080000000003,49.029380000000003,49.033680000000004,49.037980000000005,49.042280000000005,49.046579999999999,49.050879999999999,49.05518,49.059480000000001,49.063780000000001,49.068280000000001,49.072580000000002,49.076979999999999,49.08128,49.085680000000004,49.09008,49.094380000000001,49.098780000000005,49.103080000000006,49.107480000000002,49.11168,49.11618,49.120480000000001,49.124880000000005,49.129080000000002,49.133380000000002,49.13758,49.141980000000004,49.146180000000001,49.150380000000006,49.15448,49.158580000000001,49.162680000000002,49.166879999999999,49.17098,49.175080000000001,49.179079999999999,49.18318,49.187180000000005,49.190980000000003,49.194880000000005,49.19858,49.202480000000001,49.206180000000003,49.210080000000005,49.213880000000003,49.217880000000001,49.221679999999999,49.225680000000004,49.229680000000002,49.233879999999999,49.23798,49.242080000000001,49.246279999999999,49.25038,49.254580000000004,49.258680000000005,49.262979999999999,49.26708,49.271280000000004,49.275480000000002,49.279880000000006,49.284080000000003,49.28828,49.292480000000005,49.296579999999999,49.300879999999999,49.30518,49.309380000000004,49.313580000000002,49.317680000000003,49.321980000000003,49.326180000000001,49.330380000000005,49.334580000000003,49.338880000000003,49.34308,49.347380000000001,49.351680000000002,49.355879999999999,49.36018,49.36448,49.368880000000004,49.373080000000002,49.377380000000002,49.38158,49.38588,49.389980000000001,49.394080000000002,49.39828,49.402480000000004,49.406680000000001,49.410879999999999,49.41498,49.419080000000001,49.423280000000005,49.427480000000003,49.431780000000003,49.435980000000001,49.440380000000005,49.444580000000002,49.448880000000003,49.453180000000003,49.457480000000004,49.461780000000005,49.466180000000001,49.470480000000002,49.474780000000003,49.47898,49.483380000000004,49.487680000000005,49.492080000000001,49.496279999999999,49.500779999999999,49.505180000000003,49.50958,49.513980000000004,49.518380000000001,49.522780000000004,49.526980000000002,49.531280000000002,49.535580000000003,49.539880000000004,49.543980000000005,49.548180000000002,49.55218,49.556380000000004,49.560480000000005,49.564579999999999,49.568780000000004,49.572980000000001,49.577180000000006,49.581479999999999,49.58578,49.59008,49.594380000000001,49.598680000000002,49.602980000000002,49.607280000000003,49.61148,49.615680000000005,49.619780000000006,49.62388,49.62818,49.632280000000002,49.636479999999999,49.640680000000003,49.644880000000001,49.649080000000005,49.653380000000006,49.657580000000003,49.661880000000004,49.666180000000004,49.670380000000002,49.674579999999999,49.678879999999999,49.683080000000004,49.687280000000001,49.691380000000002,49.695480000000003,49.699680000000001,49.703680000000006,49.707880000000003,49.711980000000004,49.716080000000005,49.720280000000002,49.72448,49.728680000000004,49.732780000000005,49.737079999999999,49.741379999999999,49.745480000000001,49.749780000000001,49.753880000000002,49.75808,49.762180000000001,49.766480000000001,49.770780000000002,49.774979999999999,49.779180000000004,49.783380000000001,49.787680000000002,49.791879999999999,49.79618,49.800280000000001,49.804480000000005,49.808680000000003,49.81288,49.816980000000001,49.821180000000005,49.825380000000003,49.82958,49.833780000000004,49.837980000000002,49.842280000000002,49.846580000000003,49.850880000000004,49.855080000000001,49.859480000000005,49.863780000000006,49.868280000000006,49.872480000000003,49.87688,49.881180000000001,49.885580000000004,49.889980000000001,49.894380000000005,49.898679999999999,49.902880000000003,49.907180000000004,49.911480000000005,49.915780000000005,49.920080000000006,49.924280000000003,49.92848,49.932680000000005,49.936880000000002,49.941180000000003,49.94538,49.949580000000005,49.953780000000002,49.958080000000002,49.96228,49.96658,49.970780000000005,49.975180000000002,49.979379999999999,49.98368,49.98798,49.992280000000001,49.996480000000005,50.000880000000002,50.005180000000003,50.009480000000003,50.013780000000004,50.017980000000001,50.022280000000002,50.026580000000003,50.030880000000003,50.035180000000004,50.039580000000001,50.043880000000001,50.048079999999999,50.052280000000003,50.05668,50.060880000000004,50.065180000000005,50.069480000000006,50.073680000000003,50.07788,50.082080000000005,50.086179999999999,50.09028,50.094380000000001,50.098580000000005,50.102780000000003,50.10698,50.111080000000001,50.115280000000006,50.119480000000003,50.123580000000004,50.127980000000001,50.132080000000002,50.136380000000003,50.140480000000004,50.144680000000001,50.148679999999999,50.152880000000003,50.156980000000004,50.161180000000002,50.165280000000003,50.16948,50.173680000000004,50.177980000000005,50.182079999999999,50.18638,50.19068,50.195080000000004,50.199380000000005,50.203680000000006,50.208080000000002,50.212380000000003,50.21678,50.220980000000004,50.225480000000005,50.229680000000002,50.233980000000003,50.238280000000003,50.242580000000004,50.246780000000001,50.251080000000002,50.255380000000002,50.25958,50.263780000000004,50.268180000000001,50.272480000000002,50.276679999999999,50.280880000000003,50.285180000000004,50.289580000000001,50.293780000000005,50.297980000000003,50.30218,50.306580000000004,50.310780000000001,50.315080000000002,50.319279999999999,50.32358,50.327780000000004,50.332080000000005,50.336280000000002,50.340580000000003,50.34478,50.348980000000005,50.353080000000006,50.35718,50.361380000000004,50.365480000000005,50.369579999999999,50.37368,50.377780000000001,50.381880000000002,50.38608,50.390080000000005,50.394180000000006,50.39828,50.402480000000004,50.406580000000005,50.410780000000003,50.41478,50.418880000000001,50.422879999999999,50.427080000000004,50.431280000000001,50.435380000000002,50.439480000000003,50.443580000000004,50.447680000000005,50.451779999999999,50.455880000000001,50.459980000000002,50.464179999999999,50.468180000000004,50.472380000000001,50.476480000000002,50.480580000000003,50.484580000000001,50.488680000000002,50.49268,50.496880000000004,50.500880000000002,50.504980000000003,50.509080000000004,50.513080000000002,50.517180000000003,50.521380000000001,50.525580000000005,50.529780000000002,50.53398,50.538080000000001,50.542380000000001,50.546480000000003,50.55068,50.554880000000004,50.559080000000002,50.563279999999999,50.567480000000003,50.571580000000004,50.575780000000002,50.579880000000003,50.583980000000004,50.588180000000001,50.592380000000006,50.596580000000003,50.600580000000001,50.604780000000005,50.608879999999999,50.61298,50.617180000000005,50.621279999999999,50.62538,50.629480000000001,50.633480000000006,50.637480000000004,50.641480000000001,50.645479999999999,50.649380000000001,50.653480000000002,50.657380000000003,50.661480000000005,50.665480000000002,50.669580000000003,50.673680000000004,50.677780000000006,50.681980000000003,50.68618,50.690380000000005,50.694580000000002,50.698779999999999,50.702980000000004,50.707180000000001,50.711380000000005,50.715580000000003,50.719680000000004,50.723880000000001,50.727980000000002,50.732280000000003,50.736580000000004,50.740780000000001,50.745080000000002,50.749480000000005,50.753779999999999,50.757980000000003,50.762280000000004,50.766480000000001,50.770880000000005,50.775080000000003,50.77928,50.783480000000004,50.787580000000005,50.791780000000003,50.79598,50.800180000000005,50.804380000000002,50.808480000000003,50.812580000000004,50.816680000000005,50.820980000000006,50.82508,50.82938,50.833480000000002,50.837780000000002,50.84198,50.846180000000004,50.850580000000001,50.854980000000005,50.859180000000002,50.863480000000003,50.867780000000003,50.871980000000001,50.876280000000001,50.880480000000006,50.884779999999999,50.888980000000004,50.893280000000004,50.897580000000005,50.901880000000006,50.906080000000003,50.910380000000004,50.914680000000004,50.918880000000001,50.923079999999999,50.927379999999999,50.93168,50.935880000000004,50.940180000000005,50.944380000000002,50.948680000000003,50.952780000000004,50.957080000000005,50.961280000000002,50.965580000000003,50.969680000000004,50.973980000000005,50.978080000000006,50.98218,50.986280000000001,50.990580000000001,50.994680000000002,50.998980000000003,51.003080000000004,51.007380000000005,51.011580000000002,51.015779999999999,51.019980000000004,51.024280000000005,51.028580000000005,51.032679999999999,51.036880000000004,51.040980000000005,51.045180000000002,51.049480000000003,51.05368,51.057880000000004,51.061980000000005,51.066079999999999,51.070280000000004,51.074280000000002,51.078580000000002,51.08258,51.086680000000001,51.090679999999999,51.09478,51.098780000000005,51.102879999999999,51.10698,51.111080000000001,51.115280000000006,51.11938,51.123580000000004,51.127680000000005,51.131880000000002,51.135980000000004,51.140180000000001,51.144280000000002,51.148479999999999,51.15258,51.156780000000005,51.160780000000003,51.16498,51.169180000000004,51.173380000000002,51.177480000000003,51.18168,51.185880000000004,51.190080000000002,51.194180000000003,51.198280000000004,51.202480000000001,51.206680000000006,51.21078,51.214780000000005,51.218880000000006,51.22298,51.227080000000001,51.231280000000005,51.235379999999999,51.23948,51.243580000000001,51.247579999999999,51.251780000000004,51.255980000000001,51.260180000000005,51.264380000000003,51.268480000000004,51.272680000000001,51.276880000000006,51.281080000000003,51.284379999999999,51.287080000000003,51.289480000000005,51.291780000000003,51.294080000000001,51.29618,51.298280000000005,51.300380000000004,51.302480000000003,51.304680000000005,51.307580000000002,51.311280000000004,51.315080000000002,51.31888,51.322780000000002,51.326779999999999,51.330780000000004,51.334679999999999,51.338680000000004,51.342680000000001,51.346580000000003,51.350580000000001,51.354680000000002,51.358780000000003,51.362880000000004,51.366880000000002,51.37088,51.374880000000005,51.379080000000002,51.38308,51.387080000000005,51.391080000000002,51.39508,51.399080000000005,51.403179999999999,51.407180000000004,51.411280000000005,51.415280000000003,51.419180000000004,51.422879999999999,51.426480000000005,51.42998,51.433280000000003,51.428080000000001,51.418880000000001,51.407580000000003,51.39508,51.382180000000005,51.36938,51.356780000000001,51.344080000000005,51.331479999999999,51.31888,51.314680000000003,51.314579999999999,51.316580000000002,51.319580000000002,51.322880000000005,51.326280000000004,51.32978,51.333480000000002,51.337180000000004,51.340880000000006,51.344580000000001,51.348280000000003,51.352080000000001,51.355879999999999,51.359780000000001,51.363680000000002,51.36748,51.371380000000002,51.37518,51.379180000000005,51.38308,51.387080000000005,51.391180000000006,51.39528,51.399280000000005,51.403380000000006,51.40748,51.411480000000005,51.415580000000006,51.41968,51.423780000000001,51.427880000000002,51.431780000000003,51.435680000000005,51.439779999999999,51.443780000000004,51.447880000000005,51.451779999999999,51.455880000000001,51.460080000000005,51.464280000000002,51.46848,51.47278,51.476980000000005,51.481180000000002,51.485280000000003,51.489580000000004,51.493780000000001,51.497980000000005,51.501980000000003,51.505980000000001,51.509979999999999,51.51388,51.517980000000001,51.521979999999999,51.525880000000001,51.529880000000006,51.53398,51.538080000000001,51.542080000000006,51.54618,51.550380000000004,51.554480000000005,51.558680000000003,51.562780000000004,51.566980000000001,51.571080000000002,51.575180000000003,51.579280000000004,51.583380000000005,51.587580000000003,51.59158,51.595580000000005,51.599780000000003,51.603880000000004,51.607980000000005,51.612280000000005,51.616480000000003,51.62068,51.624880000000005,51.629280000000001,51.633580000000002,51.637880000000003,51.642180000000003,51.646380000000001,51.650680000000001,51.654880000000006,51.659080000000003,51.663380000000004,51.667480000000005,51.671579999999999,51.675780000000003,51.67998,51.684080000000002,51.688279999999999,51.69258,51.696780000000004,51.700980000000001,51.705080000000002,51.709380000000003,51.71358,51.717880000000001,51.722080000000005,51.726280000000003,51.730380000000004,51.734580000000001,51.738680000000002,51.742780000000003,51.746880000000004,51.750980000000006,51.754980000000003,51.759080000000004,51.763180000000006,51.76728,51.771380000000001,51.775580000000005,51.779780000000002,51.78398,51.78828,51.792680000000004,51.797080000000001,51.801280000000006,51.805680000000002,51.809980000000003,51.814480000000003,51.818680000000001,51.822980000000001,51.827280000000002,51.831479999999999,51.83578,51.84008,51.844480000000004,51.848680000000002,51.853080000000006,51.857379999999999,51.861780000000003,51.866080000000004,51.870580000000004,51.874880000000005,51.879280000000001,51.883680000000005,51.888180000000006,51.892479999999999,51.89678,51.90108,51.905280000000005,51.909480000000002,51.913780000000003,51.91798,51.922180000000004,51.926280000000006,51.930480000000003,51.934580000000004,51.938780000000001,51.942980000000006,51.947180000000003,51.95138,51.955680000000001,51.959880000000005,51.963979999999999,51.968180000000004,51.972380000000001,51.976680000000002,51.980780000000003,51.98498,51.989080000000001,51.993180000000002,51.99718,52.001380000000005,52.005580000000002,52.009680000000003,52.013780000000004,52.017880000000005,52.021979999999999,52.02628,52.030480000000004,52.034680000000002,52.038980000000002,52.04318,52.04748,52.051780000000001,52.056080000000001,52.060180000000003,52.064480000000003,52.068580000000004,52.072880000000005,52.077080000000002,52.08128,52.085380000000001,52.089580000000005,52.093679999999999,52.09778,52.102080000000001,52.106180000000002,52.110480000000003,52.11468,52.118880000000004,52.123180000000005,52.127380000000002,52.131680000000003,52.135980000000004,52.140280000000004,52.144580000000005,52.148780000000002,52.153080000000003,52.15728,52.161580000000001,52.165780000000005,52.169980000000002,52.174280000000003,52.178380000000004,52.182680000000005,52.186980000000005,52.191279999999999,52.195680000000003,52.199980000000004,52.204180000000001,52.208480000000002,52.212880000000006,52.217380000000006,52.221580000000003,52.22598,52.23028,52.234680000000004,52.238880000000002,52.243280000000006,52.247579999999999,52.252079999999999,52.256480000000003,52.260980000000004,52.26558,52.270180000000003,52.274680000000004,52.279180000000004,52.283680000000004,52.288080000000001,52.292580000000001,52.296880000000002,52.301280000000006,52.305480000000003,52.309780000000003,52.313980000000001,52.318280000000001,52.322380000000003,52.326779999999999,52.331180000000003,52.33558,52.34008,52.344380000000001,52.348880000000001,52.353280000000005,52.357680000000002,52.362180000000002,52.366579999999999,52.37088,52.37518,52.379480000000001,52.383780000000002,52.387979999999999,52.392180000000003,52.396480000000004,52.400780000000005,52.404980000000002,52.409280000000003,52.41348,52.417880000000004,52.422180000000004,52.426580000000001,52.430880000000002,52.435279999999999,52.439680000000003,52.44388,52.448180000000001,52.452580000000005,52.456980000000001,52.461280000000002,52.465479999999999,52.469680000000004,52.473880000000001,52.478080000000006,52.482379999999999,52.48668,52.490880000000004,52.495080000000002,52.499279999999999,52.503480000000003,52.507780000000004,52.512080000000005,52.516480000000001,52.520680000000006,52.525179999999999,52.52948,52.53378,52.538080000000001,52.542280000000005,52.546680000000002,52.550980000000003,52.55518,52.559480000000001,52.563780000000001,52.568080000000002,52.572380000000003,52.576680000000003,52.58108,52.585380000000001,52.589780000000005,52.594080000000005,52.598680000000002,52.602980000000002,52.607280000000003,52.611580000000004,52.61598,52.620280000000001,52.624480000000005,52.628779999999999,52.63308,52.637480000000004,52.641780000000004,52.645980000000002,52.650380000000006,52.654679999999999,52.65898,52.66328,52.667680000000004,52.672080000000001,52.676380000000002,52.680780000000006,52.684980000000003,52.68938,52.693580000000004,52.698080000000004,52.702380000000005,52.706680000000006,52.710880000000003,52.71508,52.719480000000004,52.723680000000002,52.727980000000002,52.73218,52.73648,52.740680000000005,52.745080000000002,52.749279999999999,52.753680000000003,52.757980000000003,52.762280000000004,52.766480000000001,52.770780000000002,52.775080000000003,52.779380000000003,52.783680000000004,52.787780000000005,52.792080000000006,52.796280000000003,52.80048,52.804680000000005,52.808980000000005,52.813180000000003,52.817480000000003,52.821780000000004,52.826080000000005,52.830280000000002,52.834580000000003,52.83878,52.84308,52.847280000000005,52.851580000000006,52.855780000000003,52.86018,52.864380000000004,52.868580000000001,52.872779999999999,52.876980000000003,52.88138,52.885480000000001,52.889780000000002,52.893979999999999,52.89828,52.902380000000001,52.906680000000001,52.910879999999999,52.915179999999999,52.919380000000004,52.923680000000004,52.928080000000001,52.932480000000005,52.936880000000002,52.941180000000003,52.94558,52.949980000000004,52.954280000000004,52.958680000000001,52.962980000000002,52.967280000000002,52.971580000000003,52.975880000000004,52.980080000000001,52.984480000000005,52.988680000000002,52.993079999999999,52.997480000000003,53.001780000000004,53.006180000000001,53.010580000000004,53.014980000000001,53.019180000000006,53.023580000000003,53.027880000000003,53.032180000000004,53.036280000000005,53.040480000000002,53.04468,53.048880000000004,53.052980000000005,53.057180000000002,53.061280000000004,53.065580000000004,53.069780000000002,53.074080000000002,53.078479999999999,53.08278,53.08708,53.091380000000001,53.095680000000002,53.100080000000005,53.104379999999999,53.10848,53.112680000000005,53.116880000000002,53.121180000000003,53.125280000000004,53.129580000000004,53.133680000000005,53.137880000000003,53.14188,53.146080000000005,53.150280000000002,53.15448,53.158680000000004,53.162780000000005,53.166980000000002,53.171080000000003,53.175280000000001,53.179380000000002,53.183680000000003,53.187780000000004,53.191880000000005,53.195980000000006,53.20008,53.204280000000004,53.208380000000005,53.212580000000003,53.21678,53.221080000000001,53.225180000000002,53.229379999999999,53.23368,53.237880000000004,53.242180000000005,53.246380000000002,53.250480000000003,53.25468,53.258980000000001,53.263180000000006,53.267380000000003,53.271680000000003,53.275880000000001,53.280180000000001,53.284480000000002,53.288780000000003,53.293080000000003,53.297380000000004,53.301680000000005,53.305980000000005,53.310279999999999,53.314680000000003,53.318980000000003,53.323280000000004,53.327580000000005,53.331880000000005,53.336380000000005,53.340780000000002,53.345179999999999,53.34948,53.353880000000004,53.358180000000004,53.362680000000005,53.366980000000005,53.371480000000005,53.375980000000006,53.380279999999999,53.384480000000003,53.388780000000004,53.392980000000001,53.397280000000002,53.401479999999999,53.405680000000004,53.409880000000001,53.413980000000002,53.418080000000003,53.422380000000004,53.426680000000005,53.430980000000005,53.435279999999999,53.439480000000003,53.443780000000004,53.448180000000001,53.452480000000001,53.456780000000002,53.461080000000003,53.465380000000003,53.469680000000004,53.473880000000001,53.478180000000002,53.482480000000002,53.48668,53.490780000000001,53.494980000000005,53.499079999999999,53.503280000000004,53.507380000000005,53.511479999999999,53.51558,53.519780000000004,53.523880000000005,53.527979999999999,53.532080000000001,53.536380000000001,53.540580000000006,53.54468,53.54898,53.553180000000005,53.557480000000005,53.561680000000003,53.565980000000003,53.570180000000001,53.574080000000002,53.57808,53.581980000000001,53.585880000000003,53.589880000000001,53.593780000000002,53.597680000000004,53.601580000000006,53.605580000000003,53.609680000000004,53.613980000000005,53.618380000000002,53.622680000000003,53.627079999999999,53.63138,53.635780000000004,53.640180000000001,53.644480000000001,53.648880000000005,53.653179999999999,53.657679999999999,53.662179999999999,53.666580000000003,53.67098,53.675280000000001,53.679680000000005,53.683980000000005,53.688480000000006,53.692779999999999,53.696980000000003,53.701180000000001,53.705380000000005,53.709580000000003,53.713680000000004,53.717880000000001,53.721980000000002,53.726179999999999,53.730180000000004,53.734380000000002,53.738480000000003,53.74268,53.746780000000001,53.750980000000006,53.75508,53.75938,53.763580000000005,53.767780000000002,53.771979999999999,53.77608,53.780380000000001,53.784480000000002,53.788679999999999,53.792880000000004,53.797180000000004,53.801380000000002,53.805680000000002,53.80988,53.81418,53.818480000000001,53.822880000000005,53.827080000000002,53.831380000000003,53.835680000000004,53.839980000000004,53.844180000000001,53.848580000000005,53.852780000000003,53.857080000000003,53.861280000000001,53.865580000000001,53.869980000000005,53.874180000000003,53.878480000000003,53.882580000000004,53.886780000000002,53.890880000000003,53.895180000000003,53.899280000000005,53.903480000000002,53.907580000000003,53.911680000000004,53.915780000000005,53.919980000000002,53.92418,53.928280000000001,53.932480000000005,53.936579999999999,53.940780000000004,53.944980000000001,53.949280000000002,53.953479999999999,53.95778,53.96208,53.966280000000005,53.970480000000002,53.974879999999999,53.979280000000003,53.983580000000003,53.98798,53.992280000000001,53.996480000000005,54.000779999999999,54.004980000000003,54.00938,54.013580000000005,54.017780000000002,54.021880000000003,54.02608,54.030380000000001,54.034580000000005,54.038879999999999,54.04298,54.047280000000001,54.051580000000001,54.055880000000002,54.060180000000003,54.06438,54.068580000000004,54.072680000000005,54.076880000000003,54.081180000000003,54.085380000000001,54.089580000000005,54.093580000000003,54.09778,54.101880000000001,54.106180000000002,54.11018,54.114380000000004,54.118480000000005,54.122579999999999,54.126780000000004,54.130780000000001,54.134779999999999,54.13888,54.142980000000001,54.146880000000003,54.150980000000004,54.154980000000002,54.159080000000003,54.163180000000004,54.167180000000002,54.17118,54.17548,54.179580000000001,54.183680000000003,54.187780000000004,54.191980000000001,54.196180000000005,54.200380000000003,54.204480000000004,54.208580000000005,54.212679999999999,54.216680000000004,54.220880000000001,54.225080000000005,54.229179999999999,54.233280000000001,54.237480000000005,54.241579999999999,54.245780000000003,54.250080000000004,54.254380000000005,54.258680000000005,54.263080000000002,54.26728,54.271480000000004,54.275680000000001,54.279980000000002,54.284280000000003,54.28848,54.292680000000004,54.296980000000005,54.301280000000006,54.30538,54.30968,54.313880000000005,54.318080000000002,54.322380000000003,54.326680000000003,54.330880000000001,54.335280000000004,54.339480000000002,54.343679999999999,54.347880000000004,54.352180000000004,54.356480000000005,54.360780000000005,54.364879999999999,54.368980000000001,54.373180000000005,54.377279999999999,54.38158,54.385780000000004,54.389880000000005,54.393979999999999,54.398180000000004,54.402380000000001,54.406680000000001,54.410879999999999,54.415080000000003,54.419280000000001,54.423380000000002,54.427480000000003,54.43168,54.435680000000005,54.439880000000002,54.443980000000003,54.448080000000004,54.452180000000006,54.456180000000003,54.460280000000004,54.464380000000006,54.468580000000003,54.472680000000004,54.476980000000005,54.481080000000006,54.48518,54.489280000000001,54.493480000000005,54.497680000000003,54.50188,54.506080000000004,54.510180000000005,54.514180000000003,54.518380000000001,54.522480000000002,54.526679999999999,54.53078,54.534880000000001,54.539080000000006,54.543280000000003,54.54748,54.551580000000001,54.555780000000006,54.560079999999999,54.564480000000003,54.568780000000004,54.572980000000001,54.577080000000002,54.58128,54.58558,54.589880000000001,54.593980000000002,54.598280000000003,54.602380000000004,54.606580000000001,54.610680000000002,54.614879999999999,54.61918,54.623380000000004,54.627680000000005,54.631880000000002,54.636180000000003,54.640280000000004,54.644480000000001,54.648679999999999,54.652880000000003,54.657080000000001,54.661280000000005,54.665480000000002,54.66948,54.673580000000001,54.677680000000002,54.681780000000003,54.685880000000004,54.689779999999999,54.69388,54.697880000000005,54.701979999999999,54.70608,54.710280000000004,54.714380000000006,54.718580000000003,54.722880000000004,54.727080000000001,54.731380000000001,54.735480000000003,54.73968,54.743780000000001,54.747880000000002,54.751980000000003,54.756180000000001,54.760180000000005,54.764180000000003,54.768180000000001,54.772380000000005,54.776479999999999,54.780680000000004,54.784680000000002,54.788879999999999,54.79298,54.797080000000001,54.801280000000006,54.805280000000003,54.809280000000001,54.813380000000002,54.817480000000003,54.821580000000004,54.825580000000002,54.829680000000003,54.833880000000001,54.837880000000006,54.842080000000003,54.84628,54.850480000000005,54.854680000000002,54.858879999999999,54.863080000000004,54.867280000000001,54.871480000000005,54.875680000000003,54.87988,54.883980000000001,54.888080000000002,54.89228,54.896380000000001,54.900480000000002,54.904679999999999,54.908680000000004,54.912780000000005,54.916780000000003,54.920880000000004,54.924980000000005,54.929079999999999,54.93318,54.937280000000001,54.941480000000006,54.945680000000003,54.94988,54.954080000000005,54.958280000000002,54.962479999999999,54.966680000000004,54.970880000000001,54.975080000000005,54.979379999999999,54.98368,54.987880000000004,54.992180000000005,54.996480000000005,55.000779999999999,55.00508,55.00938,55.013680000000001,55.018080000000005,55.022380000000005,55.026780000000002,55.031179999999999,55.035380000000004,55.039680000000004,55.043980000000005,55.048280000000005,55.052480000000003,55.056780000000003,55.060980000000001,55.065180000000005,55.069380000000002,55.07358,55.07788,55.082180000000001,55.086380000000005,55.090679999999999,55.09498,55.099380000000004,55.103580000000001,55.107980000000005,55.112280000000005,55.116579999999999,55.120780000000003,55.124980000000001,55.129180000000005,55.133380000000002,55.13738,55.141680000000001,55.145980000000002,55.150179999999999,55.154380000000003,55.158680000000004,55.162980000000005,55.167280000000005,55.171680000000002,55.175980000000003,55.180480000000003,55.184780000000003,55.189080000000004,55.193280000000001,55.197580000000002,55.201680000000003,55.205980000000004,55.210180000000001,55.214380000000006,55.218580000000003,55.222680000000004,55.226880000000001,55.231180000000002,55.235480000000003,55.239780000000003,55.24418,55.248480000000001,55.252680000000005,55.256980000000006,55.261279999999999,55.265680000000003,55.269880000000001,55.274080000000005,55.278380000000006,55.28248,55.286580000000001,55.290780000000005,55.295080000000006,55.29918,55.303380000000004,55.307580000000002,55.311980000000005,55.316279999999999,55.32058,55.324980000000004,55.329480000000004,55.333880000000001,55.338180000000001,55.342480000000002,55.346580000000003,55.35078,55.354780000000005,55.358980000000003,55.36298,55.367080000000001,55.371079999999999,55.375080000000004,55.379280000000001,55.383380000000002,55.387680000000003,55.391980000000004,55.396180000000001,55.400580000000005,55.404880000000006,55.409080000000003,55.413380000000004,55.417580000000001,55.421780000000005,55.426180000000002,55.43038,55.434580000000004,55.438780000000001,55.442880000000002,55.44708,55.451280000000004,55.455580000000005,55.459780000000002,55.464080000000003,55.468180000000004,55.472580000000001,55.476780000000005,55.481180000000002,55.485480000000003,55.489780000000003,55.493980000000001,55.498280000000001,55.502580000000002,55.506880000000002,55.511180000000003,55.51538,55.519780000000004,55.523880000000005,55.528179999999999,55.532380000000003,55.536680000000004,55.540980000000005,55.545380000000002,55.549579999999999,55.553780000000003,55.557980000000001,55.562280000000001,55.566580000000002,55.570880000000002,55.575180000000003,55.579280000000004,55.583380000000005,55.587580000000003,55.59158,55.595680000000002,55.599780000000003,55.60378,55.607880000000002,55.611780000000003,55.615780000000001,55.619880000000002,55.623980000000003,55.627380000000002,55.602380000000004,55.528179999999999,55.453479999999999,55.378779999999999,55.303580000000004,55.228880000000004,55.154180000000004,55.078980000000001,55.003779999999999,54.929580000000001,54.883380000000002,54.886680000000005,54.89038,54.894280000000002,54.897980000000004,54.901980000000002,54.905880000000003,54.909880000000001,54.913879999999999,54.91798,54.922080000000001,54.926180000000002,54.93018,54.934280000000001,54.938279999999999,54.94258,54.946680000000001,54.950880000000005,54.954979999999999,54.95908,54.963180000000001,54.967380000000006,54.971580000000003,54.97578,54.980080000000001,54.984079999999999,54.98818,54.992380000000004,54.996580000000002,55.000680000000003,55.004980000000003,55.009080000000004,55.013380000000005,55.017580000000002,55.02178,55.02608,55.030380000000001,55.034680000000002,55.038980000000002,55.043280000000003,55.04748,55.051680000000005,55.055980000000005,55.060079999999999,55.06438,55.068680000000001,55.072880000000005,55.077080000000002,55.08128,55.08558,55.089780000000005,55.094080000000005,55.098280000000003,55.102780000000003,55.10698,55.111280000000001,55.115580000000001,55.119880000000002,55.124279999999999,55.128579999999999,55.132780000000004,55.137080000000005,55.141280000000002,55.145580000000002,55.149880000000003,55.15408,55.158480000000004,55.162780000000005,55.167180000000002,55.171480000000003,55.175879999999999,55.18018,55.184480000000001,55.188780000000001,55.193080000000002,55.197279999999999,55.201480000000004,55.205580000000005,55.209780000000002,55.213880000000003,55.217980000000004,55.222080000000005,55.226280000000003,55.23028,55.234380000000002,55.238480000000003,55.24268,55.246780000000001,55.250980000000006,55.255180000000003,55.259280000000004,55.263580000000005,55.267780000000002,55.271979999999999,55.276180000000004,55.280480000000004,55.284680000000002,55.288879999999999,55.29298,55.297280000000001,55.301480000000005,55.305780000000006,55.309980000000003,55.314280000000004,55.318480000000001,55.322680000000005,55.326979999999999,55.33128,55.335680000000004,55.339880000000001,55.344080000000005,55.348379999999999,55.352679999999999,55.356880000000004,55.361180000000004,55.365380000000002,55.369780000000006,55.373980000000003,55.37838,55.382780000000004,55.387080000000005,55.391280000000002,55.395580000000002,55.399880000000003,55.404180000000004,55.408580000000001,55.412680000000002,55.416879999999999,55.421080000000003,55.425280000000001,55.429580000000001,55.433880000000002,55.438079999999999,55.44238,55.446780000000004,55.451080000000005,55.455380000000005,55.459679999999999,55.463880000000003,55.468180000000004,55.472480000000004,55.476680000000002,55.480879999999999,55.485080000000004,55.489280000000001,55.493480000000005,55.497779999999999,55.502079999999999,55.50638,55.510580000000004,55.514780000000002,55.518979999999999,55.52328,55.527480000000004,55.531680000000001,55.535980000000002,55.540179999999999,55.544280000000001,55.548480000000005,55.552680000000002,55.55668,55.560980000000001,55.565180000000005,55.569380000000002,55.573680000000003,55.577780000000004,55.581980000000001,55.586280000000002,55.590479999999999,55.594880000000003,55.599080000000001,55.603280000000005,55.607480000000002,55.61168,55.615780000000001,55.619980000000005,55.624180000000003,55.628280000000004,55.632480000000001,55.636580000000002,55.640880000000003,55.645180000000003,55.649380000000001,55.653480000000002,55.657880000000006,55.662080000000003,55.66648,55.670580000000001,55.674780000000005,55.678879999999999,55.683080000000004,55.687180000000005,55.691380000000002,55.695480000000003,55.699580000000005,55.703680000000006,55.707880000000003,55.711980000000004,55.716180000000001,55.720380000000006,55.724679999999999,55.728880000000004,55.733080000000001,55.737380000000002,55.741579999999999,55.74588,55.75018,55.754380000000005,55.758580000000002,55.762779999999999,55.766980000000004,55.771180000000001,55.775380000000006,55.779679999999999,55.78398,55.788180000000004,55.792380000000001,55.796780000000005,55.801079999999999,55.805579999999999,55.80988,55.81418,55.818480000000001,55.822780000000002,55.827080000000002,55.83128,55.83558,55.839680000000001,55.843980000000002,55.848080000000003,55.85248,55.856580000000001,55.860880000000002,55.864980000000003,55.86918,55.873480000000001,55.877680000000005,55.881880000000002,55.886180000000003,55.890280000000004,55.894480000000001,55.898679999999999,55.90278,55.907080000000001,55.911280000000005,55.915480000000002,55.91968,55.923780000000001,55.927980000000005,55.932180000000002,55.93638,55.940580000000004,55.944780000000002,55.948779999999999,55.95288,55.956980000000001,55.961080000000003,55.96528,55.969280000000005,55.973480000000002,55.977580000000003,55.981880000000004,55.985980000000005,55.990280000000006,55.994579999999999,55.998780000000004,56.003080000000004,56.007280000000002,56.011680000000005,56.015880000000003,56.020180000000003,56.024280000000005,56.028580000000005,56.032880000000006,56.037080000000003,56.04128,56.045480000000005,56.049680000000002,56.053879999999999,56.058080000000004,56.062380000000005,56.066680000000005,56.070880000000002,56.07508,56.079280000000004,56.083680000000001,56.087880000000006,56.092179999999999,56.09648,56.10078,56.104980000000005,56.109280000000005,56.113579999999999,56.11768,56.121880000000004,56.126180000000005,56.130380000000002,56.134680000000003,56.138780000000004,56.142980000000001,56.147280000000002,56.151479999999999,56.155680000000004,56.159980000000004,56.164280000000005,56.168379999999999,56.17268,56.17698,56.181380000000004,56.185580000000002,56.189779999999999,56.19408,56.198280000000004,56.202580000000005,56.206880000000005,56.211080000000003,56.215380000000003,56.219580000000001,56.223780000000005,56.228080000000006,56.232280000000003,56.23648,56.240680000000005,56.244880000000002,56.249180000000003,56.253280000000004,56.257480000000001,56.261580000000002,56.265880000000003,56.269980000000004,56.274280000000005,56.278480000000002,56.282679999999999,56.286880000000004,56.291080000000001,56.295480000000005,56.299680000000002,56.304079999999999,56.30838,56.312780000000004,56.316880000000005,56.321180000000005,56.325479999999999,56.329680000000003,56.333880000000001,56.338080000000005,56.342280000000002,56.34628,56.350380000000001,56.354480000000002,56.358580000000003,56.362680000000005,56.366880000000002,56.371079999999999,56.375280000000004,56.379380000000005,56.383680000000005,56.387880000000003,56.39228,56.396480000000004,56.400880000000001,56.405080000000005,56.409480000000002,56.413679999999999,56.417880000000004,56.422080000000001,56.426280000000006,56.430579999999999,56.43488,56.439080000000004,56.443280000000001,56.447580000000002,56.451779999999999,56.45608,56.460380000000001,56.464680000000001,56.469080000000005,56.473379999999999,56.477580000000003,56.481880000000004,56.486180000000004,56.490480000000005,56.494780000000006,56.499079999999999,56.503280000000004,56.507580000000004,56.511780000000002,56.515880000000003,56.52008,56.524380000000001,56.528680000000001,56.532880000000006,56.537080000000003,56.541180000000004,56.545380000000002,56.549579999999999,56.553780000000003,56.557880000000004,56.562080000000002,56.566279999999999,56.570480000000003,56.574580000000005,56.578980000000001,56.583180000000006,56.587380000000003,56.591680000000004,56.595980000000004,56.600180000000002,56.604480000000002,56.608780000000003,56.61298,56.617280000000001,56.621380000000002,56.625779999999999,56.63008,56.63438,56.638680000000001,56.643080000000005,56.647380000000005,56.651780000000002,56.656080000000003,56.660380000000004,56.664680000000004,56.669080000000001,56.673280000000005,56.677579999999999,56.681780000000003,56.685980000000001,56.690180000000005,56.694380000000002,56.698480000000004,56.702780000000004,56.706980000000001,56.711380000000005,56.715679999999999,56.71998,56.724380000000004,56.728580000000001,56.732980000000005,56.737180000000002,56.741579999999999,56.745780000000003,56.749980000000001,56.753980000000006,56.758180000000003,56.762280000000004,56.766480000000001,56.770580000000002,56.77478,56.778980000000004,56.783180000000002,56.787580000000005,56.791879999999999,56.79618,56.800380000000004,56.804680000000005,56.808980000000005,56.813480000000006,56.817680000000003,56.82208,56.82638,56.830580000000005,56.834880000000005,56.839179999999999,56.84348,56.84778,56.851980000000005,56.856280000000005,56.860680000000002,56.864980000000003,56.869280000000003,56.873580000000004,56.877880000000005,56.882180000000005,56.886680000000005,56.890979999999999,56.895380000000003,56.89978,56.904180000000004,56.908480000000004,56.912980000000005,56.917280000000005,56.921680000000002,56.926079999999999,56.93038,56.934780000000003,56.938980000000001,56.943280000000001,56.947680000000005,56.951979999999999,56.956380000000003,56.960680000000004,56.964880000000001,56.969180000000001,56.973480000000002,56.977780000000003,56.982080000000003,56.986380000000004,56.990480000000005,56.994780000000006,56.998780000000004,57.002980000000001,57.007180000000005,57.011279999999999,57.015280000000004,57.019380000000005,57.023479999999999,57.02758,57.031780000000005,57.035879999999999,57.03998,57.044280000000001,57.048580000000001,57.052780000000006,57.057079999999999,57.061280000000004,57.065580000000004,57.069680000000005,57.074080000000002,57.078180000000003,57.082480000000004,57.086680000000001,57.090780000000002,57.095080000000003,57.099180000000004,57.103480000000005,57.107680000000002,57.112079999999999,57.116379999999999,57.120780000000003,57.125080000000004,57.129380000000005,57.133680000000005,57.137979999999999,57.14228,57.14658,57.150880000000001,57.155080000000005,57.159280000000003,57.163580000000003,57.16778,57.171980000000005,57.176180000000002,57.180480000000003,57.184780000000003,57.189280000000004,57.193580000000004,57.197880000000005,57.202080000000002,57.206380000000003,57.21078,57.21508,57.219380000000001,57.223480000000002,57.227580000000003,57.231680000000004,57.235780000000005,57.239879999999999,57.24418,57.248280000000001,57.252380000000002,57.25658,57.260780000000004,57.265080000000005,57.269380000000005,57.273780000000002,57.277979999999999,57.28228,57.286580000000001,57.290980000000005,57.295280000000005,57.299579999999999,57.303980000000003,57.30838,57.31268,57.317080000000004,57.321380000000005,57.325780000000002,57.330180000000006,57.334580000000003,57.338880000000003,57.343180000000004,57.347580000000001,57.351980000000005,57.356280000000005,57.360680000000002,57.364879999999999,57.369280000000003,57.373480000000001,57.377780000000001,57.382080000000002,57.386479999999999,57.390779999999999,57.394980000000004,57.399380000000001,57.403880000000001,57.408280000000005,57.412780000000005,57.417080000000006,57.421480000000003,57.425879999999999,57.430280000000003,57.43468,57.439080000000004,57.443380000000005,57.447680000000005,57.451979999999999,57.456180000000003,57.460680000000004,57.464880000000001,57.469180000000001,57.473480000000002,57.477679999999999,57.48198,57.486180000000004,57.490480000000005,57.494780000000006,57.499079999999999,57.503080000000004,57.507380000000005,57.511580000000002,57.515979999999999,57.52028,57.524680000000004,57.528880000000001,57.533180000000002,57.537480000000002,57.541780000000003,57.546080000000003,57.55048,57.554780000000001,57.559180000000005,57.563380000000002,57.567779999999999,57.57208,57.576480000000004,57.580680000000001,57.584980000000002,57.589380000000006,57.593679999999999,57.598080000000003,57.602380000000004,57.606680000000004,57.610880000000002,57.615280000000006,57.619480000000003,57.623780000000004,57.628080000000004,57.632380000000005,57.636680000000005,57.640979999999999,57.645180000000003,57.649480000000004,57.653780000000005,57.657980000000002,57.662280000000003,57.666580000000003,57.67098,57.675280000000001,57.679680000000005,57.683980000000005,57.688380000000002,57.692680000000003,57.696980000000003,57.701280000000004,57.705580000000005,57.709780000000002,57.714080000000003,57.718380000000003,57.722580000000001,57.726880000000001,57.731180000000002,57.735480000000003,57.739780000000003,57.744080000000004,57.748580000000004,57.752980000000001,57.757380000000005,57.761780000000002,57.766180000000006,57.770580000000002,57.77478,57.779180000000004,57.783580000000001,57.788080000000001,57.792280000000005,57.796579999999999,57.800780000000003,57.80518,57.809480000000001,57.813780000000001,57.817980000000006,57.822279999999999,57.826480000000004,57.830780000000004,57.835080000000005,57.839380000000006,57.843679999999999,57.84778,57.852080000000001,57.856280000000005,57.860579999999999,57.864780000000003,57.869080000000004,57.873280000000001,57.877480000000006,57.881779999999999,57.885980000000004,57.890180000000001,57.894580000000005,57.898780000000002,57.903080000000003,57.90728,57.911580000000001,57.915880000000001,57.920080000000006,57.924280000000003,57.92868,57.933080000000004,57.937280000000001,57.941580000000002,57.945980000000006,57.950279999999999,57.95458,57.958980000000004,57.963280000000005,57.967680000000001,57.971980000000002,57.976280000000003,57.980580000000003,57.984880000000004,57.989180000000005,57.993580000000001,57.997980000000005,58.002279999999999,58.006680000000003,58.010980000000004,58.015280000000004,58.019680000000001,58.024180000000001,58.028480000000002,58.032780000000002,58.037080000000003,58.041380000000004,58.045780000000001,58.050280000000001,58.054680000000005,58.058980000000005,58.063380000000002,58.067680000000003,58.072180000000003,58.076680000000003,58.080980000000004,58.085280000000004,58.089380000000006,58.093780000000002,58.09798,58.10228,58.106580000000001,58.110880000000002,58.115280000000006,58.119480000000003,58.12388,58.12818,58.132680000000001,58.137080000000005,58.141480000000001,58.145880000000005,58.150280000000002,58.154580000000003,58.15898,58.163180000000004,58.167480000000005,58.171880000000002,58.176079999999999,58.180280000000003,58.184480000000001,58.188680000000005,58.192980000000006,58.197180000000003,58.201480000000004,58.205780000000004,58.210180000000001,58.214480000000002,58.218780000000002,58.223080000000003,58.227380000000004,58.231780000000001,58.236080000000001,58.240380000000002,58.244579999999999,58.24888,58.252980000000001,58.257280000000002,58.261580000000002,58.265779999999999,58.270180000000003,58.274480000000004,58.278780000000005,58.283080000000005,58.287480000000002,58.291879999999999,58.296280000000003,58.300580000000004,58.30498,58.309280000000001,58.313780000000001,58.317980000000006,58.322180000000003,58.32638,58.330680000000001,58.334880000000005,58.339280000000002,58.343580000000003,58.34798,58.352180000000004,58.356580000000001,58.360980000000005,58.365380000000002,58.369880000000002,58.374279999999999,58.378779999999999,58.38308,58.38758,58.39208,58.39658,58.400980000000004,58.405480000000004,58.409780000000005,58.414280000000005,58.418680000000002,58.423079999999999,58.427480000000003,58.43188,58.43618,58.440580000000004,58.444880000000005,58.449180000000005,58.453680000000006,58.457979999999999,58.46228,58.466680000000004,58.471080000000001,58.475680000000004,58.480080000000001,58.484480000000005,58.488980000000005,58.493380000000002,58.497980000000005,58.502480000000006,58.506980000000006,58.511380000000003,58.515779999999999,58.519980000000004,58.524280000000005,58.528680000000001,58.533180000000002,58.537379999999999,58.541580000000003,58.545880000000004,58.550180000000005,58.554480000000005,58.558880000000002,58.563279999999999,58.567480000000003,58.57188,58.575980000000001,58.580480000000001,58.584679999999999,58.589080000000003,58.59328,58.597680000000004,58.601980000000005,58.606280000000005,58.610579999999999,58.614879999999999,58.61918,58.623480000000001,58.627880000000005,58.632180000000005,58.636479999999999,58.640779999999999,58.645180000000003,58.64958,58.653980000000004,58.658180000000002,58.662580000000005,58.666980000000002,58.671379999999999,58.67568,58.680080000000004,58.684480000000001,58.688880000000005,58.693280000000001,58.697780000000002,58.702280000000002,58.706680000000006,58.710979999999999,58.715479999999999,58.719880000000003,58.72428,58.72878,58.733180000000004,58.737680000000005,58.741980000000005,58.746380000000002,58.750779999999999,58.755180000000003,58.75958,58.76408,58.768380000000001,58.772780000000004,58.777180000000001,58.781580000000005,58.785879999999999,58.790280000000003,58.79468,58.79918,58.803580000000004,58.807880000000004,58.812280000000001,58.816780000000001,58.821180000000005,58.825580000000002,58.829979999999999,58.834380000000003,58.838880000000003,58.843380000000003,58.847880000000004,58.85228,58.856680000000004,58.860980000000005,58.865380000000002,58.869579999999999,58.87388,58.878080000000004,58.882280000000002,58.886479999999999,58.89058,58.894680000000001,58.898780000000002,58.902880000000003,58.906980000000004,58.911180000000002,58.915280000000003,58.919580000000003,58.923580000000001,58.927780000000006,58.93188,58.936080000000004,58.940280000000001,58.944380000000002,58.948480000000004,58.952580000000005,58.956680000000006,58.960880000000003,58.96508,58.969180000000001,58.973280000000003,58.97748,58.981580000000001,58.985780000000005,58.990079999999999,58.99438,58.998480000000001,59.002780000000001,59.006980000000006,59.011380000000003,59.015680000000003,59.019980000000004,59.024280000000005,59.028580000000005,59.033080000000005,59.037280000000003,59.041580000000003,59.045780000000001,59.050080000000001,59.054380000000002,59.058680000000003,59.062980000000003,59.067280000000004,59.071580000000004,59.075880000000005,59.080180000000006,59.084479999999999,59.08878,59.09328,59.097680000000004,59.102180000000004,59.106580000000001,59.110980000000005,59.115380000000002,59.119680000000002,59.124180000000003,59.128480000000003,59.13288,59.137180000000001,59.141480000000001,59.145780000000002,59.150080000000003,59.154380000000003,59.15878,59.163180000000004,59.167380000000001,59.171780000000005,59.176180000000002,59.180480000000003,59.18488,59.189080000000004,59.193380000000005,59.197780000000002,59.201979999999999,59.20628,59.21058,59.214880000000001,59.219180000000001,59.223480000000002,59.227780000000003,59.232080000000003,59.236380000000004,59.240680000000005,59.244980000000005,59.249279999999999,59.253579999999999,59.257980000000003,59.262180000000001,59.266480000000001,59.270780000000002,59.275080000000003,59.279380000000003,59.283580000000001,59.287880000000001,59.292180000000002,59.296680000000002,59.300980000000003,59.30538,59.30968,59.314080000000004,59.318480000000001,59.322880000000005,59.327280000000002,59.331680000000006,59.336080000000003,59.340380000000003,59.344680000000004,59.348980000000005,59.353280000000005,59.357680000000002,59.361980000000003,59.36618,59.370480000000001,59.374780000000001,59.379080000000002,59.383480000000006,59.387880000000003,59.392180000000003,59.396480000000004,59.400780000000005,59.405180000000001,59.409379999999999,59.413679999999999,59.41778,59.421980000000005,59.426180000000002,59.430280000000003,59.434580000000004,59.438980000000001,59.443280000000001,59.447479999999999,59.451779999999999,59.456180000000003,59.46058,59.464880000000001,59.469180000000001,59.473580000000005,59.477879999999999,59.48218,59.486580000000004,59.490880000000004,59.495380000000004,59.499680000000005,59.504080000000002,59.508580000000002,59.513080000000002,59.517580000000002,59.522080000000003,59.526380000000003,59.530880000000003,59.535380000000004,59.539880000000004,59.544280000000001,59.548680000000004,59.553280000000001,59.557680000000005,59.562180000000005,59.566480000000006,59.570779999999999,59.57508,59.57938,59.583580000000005,59.587880000000006,59.592080000000003,59.59628,59.600480000000005,59.604780000000005,59.608980000000003,59.61318,59.61748,59.621680000000005,59.625980000000006,59.630180000000003,59.634480000000003,59.638680000000001,59.642880000000005,59.646979999999999,59.651380000000003,59.655680000000004,59.659980000000004,59.664280000000005,59.668680000000002,59.673079999999999,59.677579999999999,59.681980000000003,59.686280000000004,59.69068,59.694980000000001,59.699380000000005,59.703680000000006,59.707979999999999,59.71208,59.716380000000001,59.720680000000002,59.725080000000005,59.729379999999999,59.733780000000003,59.738080000000004,59.74248,59.746680000000005,59.751180000000005,59.755580000000002,59.759880000000003,59.764279999999999,59.76858,59.772880000000001,59.777280000000005,59.781680000000001,59.785879999999999,59.790080000000003,59.794380000000004,59.798580000000001,59.802780000000006,59.80688,59.811080000000004,59.815380000000005,59.819580000000002,59.823880000000003,59.82808,59.832380000000001,59.836580000000005,59.840980000000002,59.845380000000006,59.849679999999999,59.85398,59.858280000000001,59.862480000000005,59.866680000000002,59.87088,59.87518,59.879480000000001,59.883680000000005,59.887979999999999,59.892380000000003,59.89678,59.90108,59.905380000000001,59.909780000000005,59.914280000000005,59.918580000000006,59.923079999999999,59.927379999999999,59.93168,59.935880000000004,59.940180000000005,59.944380000000002,59.948680000000003,59.95288,59.957080000000005,59.961280000000002,59.965580000000003,59.969880000000003,59.97428,59.978580000000001,59.983080000000001,59.987480000000005,59.991780000000006,59.996079999999999,60.000280000000004,60.00468,60.008880000000005,60.013080000000002,60.017180000000003,60.021280000000004,60.025380000000006,60.02948,60.033680000000004,60.037880000000001,60.042180000000002,60.046480000000003,60.050879999999999,60.055280000000003,60.059780000000003,60.06418,60.068580000000004,60.072980000000001,60.077480000000001,60.081880000000005,60.086380000000005,60.090580000000003,60.094880000000003,60.099180000000004,60.103380000000001,60.107580000000006,60.111879999999999,60.116080000000004,60.120380000000004,60.124580000000002,60.128980000000006,60.133380000000002,60.137779999999999,60.14208,60.146480000000004,60.150780000000005,60.155080000000005,60.159379999999999,60.163580000000003,60.167880000000004,60.172180000000004,60.176380000000002,60.180579999999999,60.184780000000003,60.188880000000005,60.193180000000005,60.197380000000003,60.201680000000003,60.205980000000004,60.210180000000001,60.214380000000006,60.218580000000003,60.22278,60.227080000000001,60.231380000000001,60.235680000000002,60.239879999999999,60.24418,60.248380000000004,60.252580000000002,60.256779999999999,60.260980000000004,60.265280000000004,60.269380000000005,60.273679999999999,60.277880000000003,60.282080000000001,60.286280000000005,60.290480000000002,60.29468,60.298880000000004,60.303080000000001,60.307280000000006,60.31138,60.315580000000004,60.319680000000005,60.323779999999999,60.32788,60.331880000000005,60.336080000000003,60.340180000000004,60.344280000000005,60.348280000000003,60.352380000000004,60.356480000000005,60.360579999999999,60.364780000000003,60.368880000000004,60.373080000000002,60.377279999999999,60.381480000000003,60.385780000000004,60.389980000000001,60.394180000000006,60.398479999999999,60.40278,60.406980000000004,60.411280000000005,60.415480000000002,60.419780000000003,60.42398,60.428380000000004,60.432680000000005,60.437080000000002,60.441380000000002,60.445680000000003,60.45008,60.45438,60.458880000000001,60.463180000000001,60.467480000000002,60.471679999999999,60.47598,60.480180000000004,60.484480000000005,60.488780000000006,60.492980000000003,60.497280000000003,60.501480000000001,60.505880000000005,60.510180000000005,60.514479999999999,60.518680000000003,60.522980000000004,60.527280000000005,60.531680000000001,60.535879999999999,60.540080000000003,60.544180000000004,60.548280000000005,60.552379999999999,60.556580000000004,60.560680000000005,60.564880000000002,60.568980000000003,60.573180000000001,60.577380000000005,60.581580000000002,60.585880000000003,60.590180000000004,60.594580000000001,60.598880000000001,60.603280000000005,60.607480000000002,60.611780000000003,60.61598,60.620280000000001,60.624580000000002,60.628779999999999,60.632980000000003,60.637280000000004,60.641580000000005,60.645880000000005,60.650080000000003,60.65448,60.65878,60.663080000000001,60.667380000000001,60.671579999999999,60.675879999999999,60.67998,60.683480000000003,60.686880000000002,60.690280000000001,60.693480000000001,60.696780000000004,60.699980000000004,60.703279999999999,60.706580000000002,60.709980000000002,60.713280000000005,60.717280000000002,60.721380000000003,60.725580000000001,60.729680000000002,60.733780000000003,60.73798,60.742080000000001,60.746279999999999,60.75038,60.754480000000001,60.758580000000002,60.762779999999999,60.766780000000004,60.770980000000002,60.775280000000002,60.779580000000003,60.783880000000003,60.787980000000005,60.792280000000005,60.796680000000002,60.800980000000003,60.80538,60.80968,60.813880000000005,60.818080000000002,60.822380000000003,60.82658,60.830780000000004,60.834980000000002,60.839080000000003,60.843180000000004,60.847380000000001,60.851580000000006,60.855780000000003,60.85998,60.864180000000005,60.868380000000002,60.872579999999999,60.876980000000003,60.881180000000001,60.885480000000001,60.889580000000002,60.89378,60.897980000000004,60.902180000000001,60.906280000000002,60.91048,60.914580000000001,60.918680000000002,60.92268,60.926880000000004,60.931180000000005,60.935380000000002,60.939579999999999,60.943780000000004,60.948080000000004,60.952180000000006,60.956479999999999,60.96078,60.96508,60.969280000000005,60.973480000000002,60.977580000000003,60.981880000000004,60.985980000000005,60.990280000000006,60.994579999999999,60.998980000000003,61.003280000000004,61.007580000000004,61.011980000000001,61.016480000000001,61.020880000000005,61.025179999999999,61.029679999999999,61.03398,61.038580000000003,61.042880000000004,61.047280000000001,61.051480000000005,61.055780000000006,61.059980000000003,61.064480000000003,61.068680000000001,61.073080000000004,61.077280000000002,61.081479999999999,61.085680000000004,61.089980000000004,61.094380000000001,61.098680000000002,61.102980000000002,61.10718,61.11148,61.115680000000005,61.119880000000002,61.124180000000003,61.128480000000003,61.132680000000001,61.136880000000005,61.140979999999999,61.14528,61.149480000000004,61.153780000000005,61.158080000000005,61.162379999999999,61.166679999999999,61.17098,61.175280000000001,61.179680000000005,61.184180000000005,61.188380000000002,61.19258,61.196780000000004,61.200980000000001,61.205180000000006,61.209380000000003,61.213480000000004,61.217780000000005,61.221879999999999,61.226080000000003,61.23028,61.234480000000005,61.238579999999999,61.242780000000003,61.246980000000001,61.251280000000001,61.255580000000002,61.259680000000003,61.26388,61.268080000000005,61.272280000000002,61.276479999999999,61.280680000000004,61.284980000000004,61.289080000000006,61.29318,61.297380000000004,61.301480000000005,61.305680000000002,61.30988,61.31418,61.318380000000005,61.322780000000002,61.326880000000003,61.331180000000003,61.335380000000001,61.339680000000001,61.343880000000006,61.348080000000003,61.35228,61.356380000000001,61.360680000000002,61.364980000000003,61.369280000000003,61.373480000000001,61.377680000000005,61.381880000000002,61.386279999999999,61.390480000000004,61.394880000000001,61.399080000000005,61.403380000000006,61.407580000000003,61.411880000000004,61.416080000000001,61.420480000000005,61.424780000000005,61.429079999999999,61.43338,61.43768,61.441980000000001,61.446280000000002,61.450580000000002,61.454880000000003,61.45928,61.46358,61.467880000000001,61.472080000000005,61.476379999999999,61.480580000000003,61.48498,61.489280000000001,61.493680000000005,61.497980000000005,61.502279999999999,61.50658,61.510780000000004,61.515080000000005,61.519280000000002,61.523580000000003,61.52778,61.531980000000004,61.536080000000005,61.540280000000003,61.544280000000001,61.548380000000002,61.552480000000003,61.55668,61.560780000000001,61.564779999999999,61.56888,61.573080000000004,61.577080000000002,61.58128,61.585380000000001,61.589580000000005,61.593679999999999,61.59778,61.601880000000001,61.606080000000006,61.610080000000004,61.614080000000001,61.618180000000002,61.622080000000004,61.626180000000005,61.630279999999999,61.634280000000004,61.638480000000001,61.642580000000002,61.646680000000003,61.650880000000001,61.654980000000002,61.659179999999999,61.66328,61.667480000000005,61.671579999999999,61.67568,61.679680000000005,61.683779999999999,61.68788,61.691880000000005,61.695980000000006,61.70008,61.704280000000004,61.708480000000002,61.712679999999999,61.716880000000003,61.721080000000001,61.725280000000005,61.729580000000006,61.733780000000003,61.73818,61.74248,61.746680000000005,61.750880000000002,61.75508,61.759180000000001,61.763480000000001,61.767780000000002,61.771979999999999,61.776180000000004,61.780380000000001,61.784680000000002,61.788780000000003,61.793080000000003,61.797380000000004,61.801680000000005,61.805980000000005,61.810380000000002,61.814579999999999,61.818780000000004,61.823080000000004,61.827380000000005,61.831580000000002,61.835880000000003,61.84008,61.844380000000001,61.848580000000005,61.852780000000003,61.85698,61.861280000000001,61.865480000000005,61.869680000000002,61.874079999999999,61.878280000000004,61.882580000000004,61.886780000000002,61.890979999999999,61.895380000000003,61.89978,61.904180000000004,61.908580000000001,61.912780000000005,61.916980000000002,61.921280000000003,61.925780000000003,61.930080000000004,61.934380000000004,61.938480000000006,61.942680000000003,61.946980000000003,61.951180000000001,61.955480000000001,61.959780000000002,61.963979999999999,61.96828,61.972480000000004,61.976780000000005,61.981080000000006,61.985379999999999,61.98968,61.993880000000004,61.998180000000005,62.002279999999999,62.00658,62.010780000000004,62.015080000000005,62.019280000000002,62.023479999999999,62.027680000000004,62.031980000000004,62.036180000000002,62.040480000000002,62.044879999999999,62.049080000000004,62.053380000000004,62.057580000000002,62.061880000000002,62.066079999999999,62.070480000000003,62.074680000000001,62.079080000000005,62.083380000000005,62.087780000000002,62.092080000000003,62.096380000000003,62.100580000000001,62.104980000000005,62.109280000000005,62.113579999999999,62.117780000000003,62.122080000000004,62.126180000000005,62.130380000000002,62.134480000000003,62.138680000000001,62.142880000000005,62.147080000000003,62.15128,62.155480000000004,62.159680000000002,62.163980000000002,62.168280000000003,62.17248,62.176780000000001,62.180980000000005,62.185279999999999,62.18938,62.193580000000004,62.197680000000005,62.201779999999999,62.205880000000001,62.209980000000002,62.214179999999999,62.21828,62.222480000000004,62.226580000000006,62.23068,62.234780000000001,62.238880000000002,62.24288,62.247080000000004,62.251080000000002,62.255279999999999,62.25938,62.263480000000001,62.267580000000002,62.27178,62.275980000000004,62.280280000000005,62.284580000000005,62.288780000000003,62.29298,62.297280000000001,62.301580000000001,62.305880000000002,62.310079999999999,62.31438,62.318680000000001,62.322980000000001,62.327380000000005,62.331580000000002,62.335880000000003,62.339980000000004,62.344280000000005,62.348480000000002,62.352679999999999,62.356780000000001,62.360980000000005,62.364980000000003,62.369080000000004,62.373080000000002,62.377279999999999,62.38138,62.385480000000001,62.389680000000006,62.39378,62.397880000000001,62.402080000000005,62.406280000000002,62.41048,62.41478,62.418880000000001,62.423079999999999,62.427280000000003,62.431480000000001,62.435680000000005,62.439980000000006,62.44408,62.448180000000008,62.452179999999998,62.456280000000007,62.460480000000004,62.464579999999998,62.468779999999995,62.47278,62.476979999999998,62.481180000000009,62.485380000000006,62.489680000000007,62.493780000000001,62.497880000000009,62.501980000000003,62.506079999999997,62.510280000000009,62.514380000000003,62.518380000000008,62.522379999999998,62.526480000000006,62.53058,62.534680000000009,62.538780000000003,62.542879999999997,62.546880000000002,62.550979999999996,62.555180000000007,62.559280000000001,62.563380000000009,62.567480000000003,62.571680000000001,62.575879999999998,62.579980000000006,62.583979999999997,62.588080000000005,62.592179999999999,62.596280000000007,62.600380000000001,62.604479999999995,62.60848,62.612580000000008,62.616479999999996,62.620680000000007,62.624780000000001,62.628879999999995,62.632980000000003,62.637079999999997,62.641080000000002,62.645179999999996,62.649380000000008,62.653379999999999,62.657480000000007,62.661580000000001,62.665580000000006,62.66968,62.673780000000008,62.677779999999998,62.681979999999996,62.685980000000001,62.690179999999998,62.694280000000006,62.698480000000004,62.702480000000008,62.706680000000006,62.710880000000003,62.71508,62.719279999999998,62.723380000000006,62.727580000000003,62.731880000000004,62.735979999999998,62.740179999999995,62.744380000000007,62.748580000000004,62.752679999999998,62.756879999999995,62.761080000000007,62.765079999999998,62.769180000000006,62.773179999999996,62.777280000000005,62.781379999999999,62.785480000000007,62.789580000000001,62.793779999999998,62.797880000000006,62.802080000000004,62.806380000000004,62.810680000000005,62.814880000000002,62.81908,62.823279999999997,62.827380000000005,62.831580000000002,62.835679999999996,62.839780000000005,62.843879999999999,62.848079999999996,62.852180000000004,62.856380000000001,62.860479999999995,62.864779999999996,62.869079999999997,62.873379999999997,62.877679999999998,62.881979999999999,62.886279999999999,62.89058,62.894880000000001,62.899280000000005,62.903580000000005,62.907679999999999,62.911879999999996,62.915980000000005,62.920180000000002,62.924379999999999,62.928480000000008,62.932479999999998,62.936580000000006,62.940579999999997,62.944879999999998,62.948980000000006,62.953180000000003,62.957279999999997,62.961480000000009,62.965580000000003,62.969880000000003,62.974080000000001,62.978279999999998,62.982479999999995,62.986680000000007,62.990880000000004,62.995080000000002,62.999380000000002,63.003479999999996,63.007680000000008,63.011780000000002,63.015979999999999,63.02028,63.02458,63.028779999999998,63.032980000000009,63.037279999999996,63.041480000000007,63.045780000000008,63.050080000000008,63.054280000000006,63.058480000000003,63.06268,63.066780000000008,63.070980000000006,63.075180000000003,63.079480000000004,63.083780000000004,63.087980000000002,63.092280000000002,63.096580000000003,63.100880000000004,63.105280000000008,63.109580000000008,63.113979999999998,63.118279999999999,63.122579999999999,63.12688,63.131280000000004,63.135480000000001,63.139679999999998,63.143879999999996,63.147980000000004,63.152180000000001,63.156379999999999,63.160480000000007,63.164680000000004,63.168779999999998,63.172880000000006,63.177080000000004,63.181280000000001,63.185580000000002,63.189880000000002,63.19408,63.19838,63.202680000000001,63.206879999999998,63.211179999999999,63.215479999999999,63.219679999999997,63.223880000000008,63.228080000000006,63.232280000000003,63.23648,63.240679999999998,63.244880000000009,63.249080000000006,63.253280000000004,63.257480000000001,63.261580000000009,63.265879999999996,63.27028,63.274479999999997,63.278680000000008,63.282980000000009,63.287279999999996,63.291579999999996,63.295780000000008,63.299980000000005,63.304079999999999,63.308180000000007,63.312280000000001,63.316479999999999,63.320679999999996,63.324780000000004,63.328879999999998,63.333079999999995,63.337379999999996,63.341679999999997,63.346080000000001,63.350480000000005,63.354780000000005,63.358980000000003,63.363280000000003,63.36748,63.371780000000001,63.375979999999998,63.380080000000007,63.384280000000004,63.388480000000001,63.392579999999995,63.396680000000003,63.400779999999997,63.404980000000009,63.409180000000006,63.41328,63.417479999999998,63.421779999999998,63.425979999999996,63.430180000000007,63.434380000000004,63.438580000000002,63.442779999999999,63.446979999999996,63.451279999999997,63.455380000000005,63.459580000000003,63.463580000000007,63.467780000000005,63.471879999999999,63.476079999999996,63.480180000000004,63.484480000000005,63.488479999999996,63.492580000000004,63.496780000000001,63.501080000000002,63.505279999999999,63.509479999999996,63.513680000000008,63.517780000000002,63.521979999999999,63.52628,63.530680000000004,63.534880000000001,63.539079999999998,63.543279999999996,63.547480000000007,63.551680000000005,63.555880000000002,63.559979999999996,63.564180000000007,63.568280000000001,63.572379999999995,63.576480000000004,63.580579999999998,63.584580000000003,63.58878,63.592979999999997,63.597180000000009,63.601380000000006,63.60548,63.609780000000001,63.614080000000001,63.618380000000002,63.622479999999996,63.62688,63.631079999999997,63.635180000000005,63.639380000000003,63.64358,63.647680000000008,63.651579999999996,63.655479999999997,63.659379999999999,63.663380000000004,63.667380000000009,63.671379999999999,63.675380000000004,63.679280000000006,63.683279999999996,63.687280000000001,63.691379999999995,63.695580000000007,63.699780000000004,63.703780000000009,63.707880000000003,63.71208,63.716080000000005,63.720280000000002,63.724379999999996,63.728580000000008,63.732680000000002,63.736779999999996,63.740980000000008,63.745080000000002,63.749279999999999,63.753479999999996,63.757779999999997,63.761980000000008,63.766080000000002,63.770380000000003,63.77458,63.778779999999998,63.783079999999998,63.787180000000006,63.791380000000004,63.795479999999998,63.799680000000009,63.803880000000007,63.808180000000007,63.812280000000001,63.816479999999999,63.820880000000002,63.825180000000003,63.82938,63.833680000000001,63.837879999999998,63.842079999999996,63.846180000000004,63.850380000000001,63.854579999999999,63.858680000000007,63.862679999999997,63.866780000000006,63.87088,63.874880000000005,63.878879999999995,63.882980000000003,63.887079999999997,63.891180000000006,63.89528,63.899380000000008,63.903580000000005,63.907679999999999,63.911879999999996,63.916080000000008,63.920280000000005,63.924480000000003,63.928780000000003,63.932879999999997,63.937179999999998,63.941379999999995,63.945580000000007,63.949780000000004,63.953980000000001,63.958280000000002,63.962479999999999,63.966880000000003,63.970979999999997,63.975279999999998,63.979479999999995,63.983779999999996,63.987880000000004,63.992180000000005,63.996380000000002,64.000579999999999,64.004779999999997,64.008980000000008,64.013180000000006,64.017380000000003,64.021479999999997,64.025779999999997,64.030079999999998,64.034379999999999,64.038679999999999,64.042879999999997,64.046980000000005,64.051079999999999,64.055279999999996,64.059380000000004,64.063680000000005,64.067679999999996,64.071880000000007,64.075879999999998,64.079980000000006,64.08408,64.088279999999997,64.092480000000009,64.096779999999995,64.100880000000004,64.105180000000004,64.109380000000002,64.113579999999999,64.117779999999996,64.121980000000008,64.126280000000008,64.130380000000002,64.13458,64.138680000000008,64.143079999999998,64.147180000000006,64.151579999999996,64.155780000000007,64.159980000000004,64.164180000000002,64.168480000000002,64.172780000000003,64.17698,64.181179999999998,64.185380000000009,64.189580000000007,64.193680000000001,64.197879999999998,64.201980000000006,64.20608,64.210180000000008,64.214280000000002,64.218280000000007,64.222480000000004,64.226480000000009,64.230580000000003,64.234780000000001,64.238979999999998,64.243080000000006,64.247380000000007,64.251680000000007,64.255980000000008,64.260280000000009,64.264480000000006,64.268780000000007,64.273179999999996,64.277479999999997,64.281779999999998,64.285980000000009,64.290180000000007,64.294480000000007,64.298680000000004,64.302980000000005,64.307479999999998,64.311880000000002,64.316180000000003,64.320480000000003,64.324579999999997,64.328780000000009,64.332980000000006,64.337180000000004,64.341180000000008,64.345280000000002,64.349280000000007,64.353180000000009,64.35718,64.361280000000008,64.365580000000008,64.369780000000006,64.373980000000003,64.37818,64.382480000000001,64.386780000000002,64.391180000000006,64.395380000000003,64.399680000000004,64.403980000000004,64.408180000000002,64.412279999999996,64.416380000000004,64.420380000000009,64.424379999999999,64.428280000000001,64.432280000000006,64.436279999999996,64.440179999999998,64.44408,64.448080000000004,64.452080000000009,64.456180000000003,64.460380000000001,64.464480000000009,64.468680000000006,64.47278,64.476880000000008,64.480980000000002,64.485079999999996,64.489180000000005,64.493380000000002,64.497479999999996,64.501580000000004,64.505480000000006,64.509479999999996,64.513480000000001,64.517480000000006,64.521479999999997,64.525580000000005,64.529579999999996,64.533479999999997,64.537379999999999,64.541380000000004,64.545380000000009,64.549480000000003,64.553480000000008,64.557479999999998,64.561580000000006,64.565480000000008,64.569680000000005,64.573779999999999,64.577979999999997,64.582080000000005,64.586380000000005,64.590580000000003,64.59478,64.598979999999997,64.603180000000009,64.607380000000006,64.611680000000007,64.615980000000008,64.620080000000002,64.624279999999999,64.628680000000003,64.632980000000003,64.637180000000001,64.641379999999998,64.645679999999999,64.649979999999999,64.654179999999997,64.658479999999997,64.662779999999998,64.667079999999999,64.671279999999996,64.67568,64.67998,64.684179999999998,64.688280000000006,64.69238,64.696480000000008,64.700580000000002,64.70478,64.708780000000004,64.712780000000009,64.71678,64.720979999999997,64.725080000000005,64.729380000000006,64.733680000000007,64.737980000000007,64.742180000000005,64.746480000000005,64.750780000000006,64.755179999999996,64.759479999999996,64.763779999999997,64.768079999999998,64.772480000000002,64.776679999999999,64.78098,64.78528,64.789580000000001,64.793779999999998,64.798079999999999,64.802379999999999,64.806780000000003,64.811080000000004,64.815380000000005,64.819780000000009,64.824080000000009,64.828479999999999,64.83278,64.837180000000004,64.841480000000004,64.845680000000002,64.849879999999999,64.854179999999999,64.858379999999997,64.862580000000008,64.866780000000006,64.871080000000006,64.875380000000007,64.879680000000008,64.883980000000008,64.888379999999998,64.892880000000005,64.897379999999998,64.901780000000002,64.906080000000003,64.910480000000007,64.914780000000007,64.919179999999997,64.923380000000009,64.927779999999998,64.931979999999996,64.936180000000007,64.940380000000005,64.944780000000009,64.949080000000009,64.953479999999999,64.95778,64.962180000000004,64.966580000000008,64.971180000000004,64.975580000000008,64.979979999999998,64.984480000000005,64.988880000000009,64.993380000000002,64.997780000000006,65.002179999999996,65.00658,65.01088,65.015280000000004,65.019680000000008,65.023980000000009,65.028379999999999,65.032880000000006,65.037379999999999,65.041780000000003,65.046279999999996,65.05068,65.055180000000007,65.05968,65.064080000000004,65.068579999999997,65.072980000000001,65.077280000000002,65.081580000000002,65.085980000000006,65.090180000000004,65.094480000000004,65.098680000000002,65.102980000000002,65.107280000000003,65.111680000000007,65.115980000000008,65.120280000000008,65.124679999999998,65.128979999999999,65.133380000000002,65.137680000000003,65.141980000000004,65.146280000000004,65.150480000000002,65.154880000000006,65.159080000000003,65.16328,65.167580000000001,65.171779999999998,65.176079999999999,65.180279999999996,65.184579999999997,65.188879999999997,65.193080000000009,65.197280000000006,65.201580000000007,65.205880000000008,65.210180000000008,65.214579999999998,65.218980000000002,65.223179999999999,65.227580000000003,65.231880000000004,65.236180000000004,65.240580000000008,65.244880000000009,65.249080000000006,65.253280000000004,65.257580000000004,65.261880000000005,65.266180000000006,65.270480000000006,65.274979999999999,65.279179999999997,65.283479999999997,65.287779999999998,65.292079999999999,65.296480000000003,65.300780000000003,65.305080000000004,65.309380000000004,65.313580000000002,65.317880000000002,65.322180000000003,65.32638,65.330780000000004,65.335080000000005,65.339380000000006,65.343680000000006,65.347980000000007,65.352280000000007,65.356580000000008,65.360780000000005,65.364980000000003,65.36918,65.373480000000001,65.377679999999998,65.381979999999999,65.386080000000007,65.390180000000001,65.394280000000009,65.398480000000006,65.402680000000004,65.406880000000001,65.411180000000002,65.415379999999999,65.41968,65.423879999999997,65.428280000000001,65.432580000000002,65.436980000000005,65.441280000000006,65.445580000000007,65.449780000000004,65.454080000000005,65.458280000000002,65.462479999999999,65.466580000000008,65.470780000000005,65.474980000000002,65.479179999999999,65.483379999999997,65.487780000000001,65.492080000000001,65.496279999999999,65.500680000000003,65.50488,65.509180000000001,65.513480000000001,65.517780000000002,65.521979999999999,65.52628,65.530479999999997,65.534779999999998,65.538980000000009,65.543279999999996,65.547579999999996,65.55198,65.556280000000001,65.560780000000008,65.565280000000001,65.569780000000009,65.574280000000002,65.578680000000006,65.583179999999999,65.587680000000006,65.592179999999999,65.596580000000003,65.600980000000007,65.605180000000004,65.609480000000005,65.613579999999999,65.617980000000003,65.62218,65.626379999999997,65.630580000000009,65.634879999999995,65.638980000000004,65.643280000000004,65.647580000000005,65.651880000000006,65.656180000000006,65.66028,65.664580000000001,65.668880000000001,65.673079999999999,65.677379999999999,65.681579999999997,65.685780000000008,65.689980000000006,65.694180000000003,65.698580000000007,65.702780000000004,65.707080000000005,65.711280000000002,65.715580000000003,65.71978,65.724080000000001,65.728380000000001,65.732680000000002,65.736980000000003,65.741280000000003,65.745680000000007,65.749880000000005,65.754180000000005,65.758480000000006,65.762780000000006,65.766980000000004,65.771280000000004,65.775580000000005,65.779980000000009,65.784180000000006,65.788380000000004,65.792680000000004,65.796980000000005,65.801180000000002,65.80538,65.80968,65.814080000000004,65.818280000000001,65.822479999999999,65.826679999999996,65.830979999999997,65.835180000000008,65.839380000000006,65.843580000000003,65.84778,65.851979999999998,65.856180000000009,65.860280000000003,65.864379999999997,65.868580000000009,65.872680000000003,65.87688,65.880980000000008,65.885280000000009,65.889480000000006,65.893780000000007,65.897980000000004,65.902380000000008,65.906680000000009,65.911079999999998,65.915480000000002,65.919780000000003,65.924180000000007,65.928480000000008,65.932980000000001,65.937480000000008,65.941780000000008,65.946179999999998,65.950479999999999,65.954880000000003,65.959280000000007,65.963679999999997,65.96808,65.972480000000004,65.976680000000002,65.980980000000002,65.985380000000006,65.989680000000007,65.993980000000008,65.998379999999997,66.002679999999998,66.006879999999995,66.011179999999996,66.015479999999997,66.019779999999997,66.024079999999998,66.028279999999995,66.032679999999999,66.036780000000007,66.041080000000008,66.045180000000002,66.049480000000003,66.053579999999997,66.057879999999997,66.062080000000009,66.066280000000006,66.070480000000003,66.074780000000004,66.079080000000005,66.083280000000002,66.087580000000003,66.09178,66.095979999999997,66.100180000000009,66.104479999999995,66.108680000000007,66.112880000000004,66.117180000000005,66.121380000000002,66.125579999999999,66.129980000000003,66.134180000000001,66.138580000000005,66.142780000000002,66.147180000000006,66.151480000000006,66.155879999999996,66.160179999999997,66.164479999999998,66.168680000000009,66.172880000000006,66.177279999999996,66.181480000000008,66.185780000000008,66.189880000000002,66.193979999999996,66.198180000000008,66.202280000000002,66.206479999999999,66.210679999999996,66.214780000000005,66.218779999999995,66.222679999999997,66.226780000000005,66.230779999999996,66.234880000000004,66.238880000000009,66.242980000000003,66.247079999999997,66.251080000000002,66.255179999999996,66.259280000000004,66.263480000000001,66.267679999999999,66.271979999999999,66.276179999999997,66.280479999999997,66.284580000000005,66.288880000000006,66.293180000000007,66.297579999999996,66.301879999999997,66.306179999999998,66.310479999999998,66.314880000000002,66.319280000000006,66.323679999999996,66.327979999999997,66.332279999999997,66.336480000000009,66.340779999999995,66.344980000000007,66.349080000000001,66.353279999999998,66.357380000000006,66.361580000000004,66.365580000000008,66.369680000000002,66.373680000000007,66.377780000000001,66.381979999999999,66.386179999999996,66.390380000000007,66.394480000000001,66.398679999999999,66.402879999999996,66.407080000000008,66.411380000000008,66.415580000000006,66.419880000000006,66.424080000000004,66.428280000000001,66.432580000000002,66.436779999999999,66.441079999999999,66.445279999999997,66.449480000000008,66.453780000000009,66.458079999999995,66.462280000000007,66.466480000000004,66.470680000000002,66.474980000000002,66.479179999999999,66.48348,66.487679999999997,66.491979999999998,66.496080000000006,66.500380000000007,66.504680000000008,66.508880000000005,66.513080000000002,66.51728,66.521479999999997,66.525779999999997,66.529980000000009,66.534180000000006,66.538380000000004,66.542680000000004,66.546880000000002,66.551180000000002,66.55538,66.559579999999997,66.563680000000005,66.567880000000002,66.57208,66.57638,66.580680000000001,66.584879999999998,66.589079999999996,66.593280000000007,66.597580000000008,66.601880000000008,66.606180000000009,66.610479999999995,66.614680000000007,66.618880000000004,66.623080000000002,66.627279999999999,66.631380000000007,66.635680000000008,66.639780000000002,66.643979999999999,66.648080000000007,66.652280000000005,66.656379999999999,66.660579999999996,66.664680000000004,66.668880000000001,66.672979999999995,66.677180000000007,66.681280000000001,66.685479999999998,66.689679999999996,66.693880000000007,66.698080000000004,66.702179999999998,66.706379999999996,66.710679999999996,66.714880000000008,66.719180000000009,66.723280000000003,66.72748,66.731780000000001,66.735979999999998,66.740380000000002,66.744579999999999,66.748779999999996,66.752880000000005,66.756979999999999,66.761179999999996,66.765380000000007,66.769580000000005,66.773780000000002,66.777879999999996,66.781980000000004,66.786180000000002,66.790379999999999,66.794579999999996,66.798780000000008,66.802980000000005,66.807180000000002,66.81138,66.815380000000005,66.819280000000006,66.823180000000008,66.827080000000009,66.830880000000008,66.834780000000009,66.838480000000004,66.842280000000002,66.845979999999997,66.849879999999999,66.853679999999997,66.857780000000005,66.861779999999996,66.865980000000008,66.870080000000002,66.874179999999996,66.878380000000007,66.882580000000004,66.886780000000002,66.890879999999996,66.895179999999996,66.899280000000005,66.903580000000005,66.907579999999996,66.911780000000007,66.915980000000005,66.920079999999999,66.92398,66.928080000000008,66.932079999999999,66.936080000000004,66.940080000000009,66.943979999999996,66.948080000000004,66.952080000000009,66.95608,66.960180000000008,66.964280000000002,66.968379999999996,66.972580000000008,66.976680000000002,66.980980000000002,66.985079999999996,66.989280000000008,66.993279999999999,66.997479999999996,67.001480000000001,67.005679999999998,67.009680000000003,67.01388,67.017880000000005,67.021879999999996,67.025980000000004,67.030180000000001,67.034379999999999,67.038579999999996,67.042780000000008,67.046880000000002,67.051180000000002,67.055279999999996,67.05968,67.063780000000008,67.067980000000006,67.071979999999996,67.076180000000008,67.080179999999999,67.084379999999996,67.088480000000004,67.092579999999998,67.096779999999995,67.100880000000004,67.104880000000009,67.109080000000006,67.113280000000003,67.11748,67.121780000000001,67.125780000000006,67.12988,67.133880000000005,67.137879999999996,67.141980000000004,67.146079999999998,67.150080000000003,67.154080000000008,67.158079999999998,67.162080000000003,67.166179999999997,67.170380000000009,67.174580000000006,67.178780000000003,67.182980000000001,67.187280000000001,67.191580000000002,67.195779999999999,67.20008,67.204279999999997,67.208480000000009,67.212780000000009,67.216980000000007,67.221180000000004,67.225380000000001,67.229579999999999,67.233779999999996,67.237980000000007,67.242280000000008,67.246480000000005,67.250680000000003,67.254779999999997,67.258880000000005,67.262979999999999,67.26728,67.271479999999997,67.275580000000005,67.279679999999999,67.283780000000007,67.287880000000001,67.291979999999995,67.29598,67.300080000000008,67.304180000000002,67.308279999999996,67.312280000000001,67.316280000000006,67.32038,67.324480000000008,67.328580000000002,67.332679999999996,67.336780000000005,67.340879999999999,67.345079999999996,67.349080000000001,67.353180000000009,67.357380000000006,67.36148,67.365480000000005,67.369579999999999,67.373680000000007,67.377880000000005,67.381979999999999,67.385980000000004,67.390079999999998,67.394180000000006,67.39828,67.402180000000001,67.406279999999995,67.41028,67.414380000000008,67.418379999999999,67.422480000000007,67.426479999999998,67.430580000000006,67.434579999999997,67.438680000000005,67.442779999999999,67.446880000000007,67.451080000000005,67.455280000000002,67.459280000000007,67.463480000000004,67.467579999999998,67.471680000000006,67.47578,67.479880000000009,67.484080000000006,67.488079999999997,67.492280000000008,67.496279999999999,67.500380000000007,67.504379999999998,67.508380000000002,67.512479999999996,67.516580000000005,67.520679999999999,67.524780000000007,67.528880000000001,67.532980000000009,67.537080000000003,67.54128,67.545479999999998,67.549680000000009,67.553880000000007,67.557980000000001,67.562179999999998,67.566180000000003,67.570279999999997,67.574280000000002,67.578379999999996,67.582380000000001,67.586380000000005,67.590280000000007,67.594279999999998,67.598280000000003,67.602379999999997,67.606480000000005,67.610579999999999,67.614680000000007,67.618880000000004,67.623080000000002,67.627179999999996,67.631479999999996,67.635680000000008,67.639880000000005,67.643979999999999,67.648080000000007,67.652280000000005,67.656379999999999,67.660380000000004,67.664580000000001,67.668779999999998,67.672979999999995,67.677080000000004,67.681380000000004,67.685580000000002,67.689779999999999,67.69408,67.698279999999997,67.702579999999998,67.706780000000009,67.710880000000003,67.714880000000008,67.718980000000002,67.723079999999996,67.727180000000004,67.731279999999998,67.735380000000006,67.739379999999997,67.743480000000005,67.747479999999996,67.751580000000004,67.755679999999998,67.759780000000006,67.76388,67.768079999999998,67.772080000000003,67.776179999999997,67.780380000000008,67.784480000000002,67.788679999999999,67.792780000000008,67.796880000000002,67.800979999999996,67.805080000000004,67.809179999999998,67.813280000000006,67.81738,67.821380000000005,67.825379999999996,67.829480000000004,67.833480000000009,67.837580000000003,67.841679999999997,67.845780000000005,67.849779999999996,67.853980000000007,67.858080000000001,67.862180000000009,67.866380000000007,67.870580000000004,67.874679999999998,67.878979999999999,67.883279999999999,67.887380000000007,67.891480000000001,67.895579999999995,67.899780000000007,67.903779999999998,67.907880000000006,67.911780000000007,67.915779999999998,67.91968,67.923780000000008,67.927779999999998,67.931880000000007,67.935980000000001,67.940179999999998,67.944379999999995,67.948580000000007,67.952780000000004,67.956879999999998,67.960980000000006,67.96508,67.969180000000009,67.973280000000003,67.977280000000007,67.981279999999998,67.98518,67.989280000000008,67.993380000000002,67.997479999999996,68.001580000000004,68.005679999999998,68.009879999999995,68.013980000000004,68.018280000000004,68.022480000000002,68.026780000000002,68.03098,68.035179999999997,68.039380000000008,68.043680000000009,68.047880000000006,68.05198,68.055980000000005,68.059880000000007,68.063780000000008,68.067480000000003,68.071179999999998,68.074979999999996,68.078879999999998,68.082679999999996,68.086579999999998,68.090280000000007,68.093980000000002,68.097880000000004,68.101780000000005,68.105680000000007,68.109580000000008,68.113380000000006,68.117080000000001,68.120779999999996,68.124580000000009,68.128479999999996,68.132379999999998,68.136179999999996,68.140079999999998,68.144080000000002,68.148080000000007,68.151980000000009,68.15598,68.159980000000004,68.163980000000009,68.168180000000007,68.172179999999997,68.176180000000002,68.180080000000004,68.183980000000005,68.187979999999996,68.191980000000001,68.195980000000006,68.199880000000007,68.203879999999998,68.20778,68.211680000000001,68.215580000000003,68.219679999999997,68.223680000000002,68.227580000000003,68.231580000000008,68.235680000000002,68.239580000000004,68.243580000000009,68.247680000000003,68.251680000000007,68.255780000000001,68.259680000000003,68.263680000000008,68.267679999999999,68.27158,68.275379999999998,68.279179999999997,68.282980000000009,68.286780000000007,68.290580000000006,68.294280000000001,68.298180000000002,68.301879999999997,68.305679999999995,68.309579999999997,68.313380000000009,68.317279999999997,68.321179999999998,68.32508,68.328879999999998,68.33278,68.336680000000001,68.340779999999995,68.344679999999997,68.348680000000002,68.352680000000007,68.356580000000008,68.360579999999999,68.364680000000007,68.368679999999998,68.372780000000006,68.376779999999997,68.380780000000001,68.384780000000006,68.388779999999997,68.392780000000002,68.396780000000007,68.400880000000001,68.404880000000006,68.409080000000003,68.413080000000008,68.417180000000002,68.421279999999996,68.425480000000007,68.429780000000008,68.433980000000005,68.438079999999999,68.442180000000008,68.446179999999998,68.450379999999996,68.454480000000004,68.458579999999998,68.462680000000006,68.466580000000008,68.470680000000002,68.474680000000006,68.478880000000004,68.482979999999998,68.487180000000009,68.491479999999996,68.495680000000007,68.499880000000005,68.504180000000005,68.508480000000006,68.512780000000006,68.516980000000004,68.521180000000001,68.525480000000002,68.529679999999999,68.533780000000007,68.537880000000001,68.541979999999995,68.54598,68.550179999999997,68.554280000000006,68.55838,68.562579999999997,68.566879999999998,68.571080000000009,68.575280000000006,68.579480000000004,68.583680000000001,68.587879999999998,68.592079999999996,68.596180000000004,68.600380000000001,68.604380000000006,68.60848,68.612480000000005,68.616680000000002,68.620980000000003,68.625079999999997,68.629280000000008,68.633380000000002,68.63758,68.641779999999997,68.646079999999998,68.650280000000009,68.654480000000007,68.658479999999997,68.662580000000005,68.666780000000003,68.67098,68.675080000000008,68.679280000000006,68.683480000000003,68.687579999999997,68.691780000000008,68.695980000000006,68.700180000000003,68.704480000000004,68.708680000000001,68.712879999999998,68.716980000000007,68.721080000000001,68.725180000000009,68.729280000000003,68.73348,68.737580000000008,68.741680000000002,68.745779999999996,68.749880000000005,68.753979999999999,68.758080000000007,68.762180000000001,68.766379999999998,68.770380000000003,68.77458,68.778680000000008,68.782880000000006,68.786879999999996,68.790880000000001,68.794880000000006,68.798879999999997,68.802980000000005,68.806880000000007,68.810879999999997,68.814880000000002,68.818979999999996,68.822980000000001,68.827280000000002,68.831479999999999,68.83578,68.839979999999997,68.844180000000009,68.845480000000009,68.841580000000008,68.791380000000004,68.732280000000003,68.673180000000002,68.613880000000009,68.554479999999998,68.494979999999998,68.435580000000002,68.376280000000008,68.319680000000005,68.268180000000001,68.263180000000006,68.266779999999997,68.270679999999999,68.274479999999997,68.278480000000002,68.282480000000007,68.286479999999997,68.290480000000002,68.294480000000007,68.298580000000001,68.302679999999995,68.306780000000003,68.310879999999997,68.314880000000002,68.31908,68.323180000000008,68.327380000000005,68.331479999999999,68.335480000000004,68.339680000000001,68.343879999999999,68.348079999999996,68.352180000000004,68.356279999999998,68.360380000000006,68.364580000000004,68.368679999999998,68.372979999999998,68.377080000000007,68.381280000000004,68.385280000000009,68.389480000000006,68.39358,68.397779999999997,68.402079999999998,68.406180000000006,68.41028,68.414479999999998,68.418779999999998,68.422880000000006,68.427279999999996,68.431380000000004,68.435680000000005,68.439779999999999,68.444180000000003,68.44838,68.452579999999998,68.456879999999998,68.461079999999995,68.465280000000007,68.469380000000001,68.473780000000005,68.478080000000006,68.482380000000006,68.486580000000004,68.490780000000001,68.495080000000002,68.499279999999999,68.503579999999999,68.507980000000003,68.512280000000004,68.516480000000001,68.520579999999995,68.524979999999999,68.529179999999997,68.533479999999997,68.537779999999998,68.541979999999995,68.546180000000007,68.550380000000004,68.554580000000001,68.558880000000002,68.563180000000003,68.567279999999997,68.571480000000008,68.575680000000006,68.579880000000003,68.584180000000003,68.588480000000004,68.592680000000001,68.596980000000002,68.601079999999996,68.605379999999997,68.609679999999997,68.613880000000009,68.618179999999995,68.622579999999999,68.62688,68.630980000000008,68.635180000000005,68.639380000000003,68.643680000000003,68.647880000000001,68.652079999999998,68.656279999999995,68.660380000000004,68.664479999999998,68.668779999999998,68.673079999999999,68.677379999999999,68.68168,68.685879999999997,68.690280000000001,68.694580000000002,68.698880000000003,68.703280000000007,68.707480000000004,68.711780000000005,68.715879999999999,68.720079999999996,68.724280000000007,68.728580000000008,68.732579999999999,68.736779999999996,68.740980000000008,68.745180000000005,68.749380000000002,68.753579999999999,68.757779999999997,68.761980000000008,68.766180000000006,68.770380000000003,68.774680000000004,68.778779999999998,68.782980000000009,68.78698,68.791179999999997,68.795180000000002,68.799379999999999,68.803480000000008,68.807580000000002,68.811679999999996,68.815780000000004,68.819879999999998,68.824080000000009,68.828280000000007,68.832580000000007,68.836880000000008,68.841180000000008,68.845380000000006,68.849680000000006,68.854079999999996,68.858379999999997,68.862780000000001,68.866979999999998,68.871279999999999,68.875380000000007,68.879680000000008,68.883880000000005,68.888180000000006,68.892380000000003,68.896479999999997,68.900580000000005,68.904780000000002,68.90898,68.91328,68.917479999999998,68.921680000000009,68.925880000000006,68.92998,68.934179999999998,68.938280000000006,68.942480000000003,68.946680000000001,68.951080000000005,68.955280000000002,68.959580000000003,68.96378,68.96808,68.972279999999998,68.976680000000002,68.981080000000006,68.985479999999995,68.989779999999996,68.993980000000008,68.998180000000005,69.002480000000006,69.006780000000006,69.010980000000004,69.015280000000004,69.019680000000008,69.023880000000005,69.027979999999999,69.03228,69.036580000000001,69.040880000000001,69.045280000000005,69.049779999999998,69.053979999999996,69.058279999999996,69.062579999999997,69.066879999999998,69.071280000000002,69.075580000000002,69.079880000000003,69.084180000000003,69.088279999999997,69.092380000000006,69.09648,69.100679999999997,69.104780000000005,69.108879999999999,69.113079999999997,69.117280000000008,69.121480000000005,69.125680000000003,69.129980000000003,69.134280000000004,69.138580000000005,69.142880000000005,69.147180000000006,69.151480000000006,69.155780000000007,69.159980000000004,69.164280000000005,69.168680000000009,69.172979999999995,69.177279999999996,69.181480000000008,69.185879999999997,69.190179999999998,69.194479999999999,69.198980000000006,69.203379999999996,69.20778,69.212280000000007,69.216679999999997,69.221080000000001,69.225480000000005,69.229979999999998,69.234279999999998,69.238680000000002,69.242980000000003,69.247479999999996,69.251680000000007,69.255880000000005,69.260180000000005,69.264580000000009,69.268879999999996,69.273179999999996,69.277479999999997,69.281980000000004,69.286280000000005,69.290580000000006,69.294979999999995,69.299279999999996,69.30368,69.308080000000004,69.312579999999997,69.316879999999998,69.321280000000002,69.325580000000002,69.330079999999995,69.334379999999996,69.338679999999997,69.34308,69.347380000000001,69.351579999999998,69.355980000000002,69.360280000000003,69.364680000000007,69.368980000000008,69.373280000000008,69.377679999999998,69.381979999999999,69.386480000000006,69.390979999999999,69.395480000000006,69.399879999999996,69.40428,69.408680000000004,69.412980000000005,69.417380000000009,69.421680000000009,69.425979999999996,69.43038,69.434579999999997,69.438780000000008,69.443080000000009,69.447280000000006,69.451679999999996,69.455979999999997,69.460380000000001,69.464780000000005,69.469180000000009,69.473579999999998,69.477980000000002,69.482380000000006,69.486779999999996,69.49118,69.495480000000001,69.499780000000001,69.504280000000008,69.508580000000009,69.512879999999996,69.517380000000003,69.521680000000003,69.526080000000007,69.530479999999997,69.534880000000001,69.539180000000002,69.543480000000002,69.547979999999995,69.552379999999999,69.556780000000003,69.561080000000004,69.565380000000005,69.569680000000005,69.573980000000006,69.578379999999996,69.582580000000007,69.586979999999997,69.591180000000008,69.595480000000009,69.599680000000006,69.604079999999996,69.608379999999997,69.612679999999997,69.616979999999998,69.621380000000002,69.625780000000006,69.630279999999999,69.634479999999996,69.638779999999997,69.643079999999998,69.647379999999998,69.651679999999999,69.655879999999996,69.660080000000008,69.664180000000002,69.668279999999996,69.672380000000004,69.676580000000001,69.680679999999995,69.684979999999996,69.689180000000007,69.693480000000008,69.697780000000009,69.702179999999998,69.706479999999999,69.710980000000006,69.715379999999996,69.719679999999997,69.723979999999997,69.728180000000009,69.732579999999999,69.736779999999996,69.741079999999997,69.745379999999997,69.749679999999998,69.753780000000006,69.757980000000003,69.762280000000004,69.766779999999997,69.771180000000001,69.775580000000005,69.779980000000009,69.784379999999999,69.788780000000003,69.793279999999996,69.797780000000003,69.802180000000007,69.80668,69.811080000000004,69.815480000000008,69.819780000000009,69.824179999999998,69.828479999999999,69.832880000000003,69.837180000000004,69.841679999999997,69.845979999999997,69.850279999999998,69.854680000000002,69.858980000000003,69.863380000000006,69.86788,69.872280000000003,69.876680000000007,69.880980000000008,69.885480000000001,69.889880000000005,69.894180000000006,69.898579999999995,69.902979999999999,69.907380000000003,69.911680000000004,69.916179999999997,69.920479999999998,69.924980000000005,69.929280000000006,69.933880000000002,69.938280000000006,69.942779999999999,69.947280000000006,69.951779999999999,69.956180000000003,69.960580000000007,69.964880000000008,69.969180000000009,69.973480000000009,69.977680000000007,69.981880000000004,69.986080000000001,69.990279999999998,69.994579999999999,69.99888,70.003280000000004,70.007580000000004,70.011980000000008,70.016379999999998,70.020579999999995,70.025080000000003,70.029579999999996,70.03398,70.03828,70.042580000000001,70.046880000000002,70.051180000000002,70.05538,70.05968,70.063980000000001,70.068179999999998,70.072280000000006,70.076480000000004,70.080680000000001,70.084980000000002,70.089179999999999,70.093379999999996,70.097679999999997,70.101880000000008,70.106180000000009,70.110380000000006,70.114779999999996,70.119079999999997,70.123480000000001,70.127679999999998,70.131979999999999,70.136279999999999,70.14058,70.144880000000001,70.149280000000005,70.153580000000005,70.157880000000006,70.162080000000003,70.16628,70.170479999999998,70.174680000000009,70.178979999999996,70.183180000000007,70.187480000000008,70.191680000000005,70.195980000000006,70.200280000000006,70.204679999999996,70.208880000000008,70.213279999999997,70.217579999999998,70.221980000000002,70.226280000000003,70.230580000000003,70.234780000000001,70.239080000000001,70.243279999999999,70.247579999999999,70.25188,70.256079999999997,70.260180000000005,70.264380000000003,70.26858,70.272880000000001,70.277079999999998,70.281180000000006,70.285380000000004,70.289479999999998,70.293779999999998,70.297880000000006,70.30198,70.306080000000009,70.310079999999999,70.314180000000007,70.318380000000005,70.322379999999995,70.326580000000007,70.330579999999998,70.334580000000003,70.338679999999997,70.342880000000008,70.346879999999999,70.351079999999996,70.355280000000008,70.359279999999998,70.363579999999999,70.367680000000007,70.371980000000008,70.376180000000005,70.380380000000002,70.38458,70.388779999999997,70.392980000000009,70.397180000000006,70.401380000000003,70.405780000000007,70.409980000000004,70.414280000000005,70.418480000000002,70.422780000000003,70.427080000000004,70.431480000000008,70.435780000000008,70.440080000000009,70.444280000000006,70.448480000000004,70.452780000000004,70.456980000000001,70.461280000000002,70.465379999999996,70.469679999999997,70.473780000000005,70.478180000000009,70.482380000000006,70.486779999999996,70.490980000000008,70.495379999999997,70.499679999999998,70.503979999999999,70.508480000000006,70.512780000000006,70.517179999999996,70.521380000000008,70.525680000000008,70.529980000000009,70.534279999999995,70.538480000000007,70.542680000000004,70.546980000000005,70.551380000000009,70.555679999999995,70.559880000000007,70.56438,70.568780000000004,70.573080000000004,70.577480000000008,70.581980000000001,70.586380000000005,70.590680000000006,70.595079999999996,70.599379999999996,70.60378,70.607979999999998,70.612180000000009,70.616479999999996,70.620580000000004,70.624880000000005,70.628979999999999,70.633179999999996,70.637280000000004,70.641580000000005,70.645780000000002,70.650180000000006,70.654480000000007,70.658780000000007,70.663179999999997,70.667580000000001,70.671980000000005,70.676380000000009,70.680779999999999,70.685079999999999,70.689279999999997,70.693579999999997,70.697980000000001,70.702080000000009,70.706379999999996,70.710580000000007,70.714979999999997,70.719380000000001,70.723780000000005,70.728279999999998,70.732780000000005,70.737180000000009,70.741579999999999,70.745980000000003,70.750479999999996,70.754980000000003,70.759280000000004,70.763480000000001,70.767880000000005,70.772180000000006,70.776380000000003,70.780680000000004,70.785080000000008,70.789479999999998,70.793779999999998,70.798280000000005,70.802580000000006,70.807079999999999,70.81138,70.815880000000007,70.820180000000008,70.824480000000008,70.828780000000009,70.833280000000002,70.837580000000003,70.841980000000007,70.846280000000007,70.850580000000008,70.854880000000009,70.859180000000009,70.863579999999999,70.86788,70.87218,70.876480000000001,70.880780000000001,70.885080000000002,70.889480000000006,70.893780000000007,70.898179999999996,70.902380000000008,70.906680000000009,70.910980000000009,70.915379999999999,70.91968,70.923780000000008,70.928080000000008,70.932380000000009,70.936480000000003,70.940780000000004,70.944980000000001,70.949179999999998,70.953479999999999,70.957679999999996,70.961880000000008,70.966080000000005,70.970380000000006,70.97448,70.97878,70.982979999999998,70.987180000000009,70.991380000000007,70.995580000000004,70.999880000000005,71.003979999999999,71.008179999999996,71.012380000000007,71.016680000000008,71.020780000000002,71.024979999999999,71.029179999999997,71.033280000000005,71.037480000000002,71.041579999999996,71.04598,71.050280000000001,71.054580000000001,71.058880000000002,71.062979999999996,71.06738,71.071579999999997,71.075980000000001,71.080280000000002,71.084580000000003,71.088880000000003,71.093180000000004,71.097279999999998,71.101579999999998,71.105879999999999,71.110079999999996,71.114280000000008,71.118580000000009,71.122880000000009,71.127080000000007,71.131380000000007,71.135480000000001,71.139880000000005,71.144080000000002,71.148480000000006,71.152780000000007,71.157080000000008,71.161280000000005,71.165580000000006,71.169880000000006,71.174180000000007,71.178480000000008,71.182780000000008,71.187080000000009,71.191379999999995,71.195580000000007,71.199880000000007,71.204180000000008,71.208480000000009,71.212980000000002,71.217380000000006,71.221779999999995,71.226079999999996,71.23048,71.234780000000001,71.239280000000008,71.243580000000009,71.247979999999998,71.252380000000002,71.25658,71.26088,71.265180000000001,71.269480000000001,71.273780000000002,71.278080000000003,71.282480000000007,71.286780000000007,71.291179999999997,71.295580000000001,71.299980000000005,71.304280000000006,71.308679999999995,71.313079999999999,71.317480000000003,71.321880000000007,71.325980000000001,71.330280000000002,71.334580000000003,71.338880000000003,71.34308,71.347480000000004,71.351680000000002,71.355879999999999,71.36018,71.364580000000004,71.368980000000008,71.373280000000008,71.377580000000009,71.381979999999999,71.386279999999999,71.390479999999997,71.394880000000001,71.399280000000005,71.403580000000005,71.407880000000006,71.412379999999999,71.416579999999996,71.42098,71.425380000000004,71.429780000000008,71.434179999999998,71.438580000000002,71.442980000000006,71.447379999999995,71.451779999999999,71.45608,71.460580000000007,71.464780000000005,71.469180000000009,71.473480000000009,71.477879999999999,71.48218,71.48648,71.490880000000004,71.495080000000002,71.499480000000005,71.503979999999999,71.508279999999999,71.512680000000003,71.51688,71.521280000000004,71.525580000000005,71.529980000000009,71.534279999999995,71.538679999999999,71.54298,71.547280000000001,71.551580000000001,71.555980000000005,71.560380000000009,71.564679999999996,71.568979999999996,71.573279999999997,71.577680000000001,71.581980000000001,71.586280000000002,71.590580000000003,71.594980000000007,71.599180000000004,71.603580000000008,71.607780000000005,71.612180000000009,71.616380000000007,71.620680000000007,71.624880000000005,71.629180000000005,71.633480000000006,71.637680000000003,71.64188,71.646180000000001,71.650280000000009,71.654480000000007,71.658580000000001,71.662779999999998,71.666979999999995,71.671080000000003,71.675280000000001,71.679479999999998,71.683779999999999,71.687979999999996,71.69238,71.696680000000001,71.700879999999998,71.705079999999995,71.709280000000007,71.713580000000007,71.717780000000005,71.722080000000005,71.726179999999999,71.730379999999997,71.734480000000005,71.738680000000002,71.74288,71.74718,71.751379999999997,71.755580000000009,71.759780000000006,71.763980000000004,71.768180000000001,71.772480000000002,71.776579999999996,71.780879999999996,71.785179999999997,71.789479999999998,71.793779999999998,71.798079999999999,71.802279999999996,71.806579999999997,71.810780000000008,71.815080000000009,71.819180000000003,71.823480000000004,71.827579999999998,71.831780000000009,71.835980000000006,71.840180000000004,71.844480000000004,71.848780000000005,71.853279999999998,71.857579999999999,71.861980000000003,71.866079999999997,71.870480000000001,71.874679999999998,71.878979999999999,71.883279999999999,71.887280000000004,71.891480000000001,71.895579999999995,71.899680000000004,71.903880000000001,71.908079999999998,71.912279999999996,71.916579999999996,71.920780000000008,71.924980000000005,71.929479999999998,71.933779999999999,71.937979999999996,71.942180000000008,71.946380000000005,71.950580000000002,71.954880000000003,71.95908,71.963180000000008,71.967280000000002,71.971379999999996,71.975580000000008,71.979780000000005,71.984080000000006,71.98818,71.99248,71.996679999999998,72.000880000000009,72.005279999999999,72.009479999999996,72.013680000000008,72.017980000000009,72.022280000000009,72.026579999999996,72.030879999999996,72.035080000000008,72.039479999999998,72.043680000000009,72.047880000000006,72.052080000000004,72.056380000000004,72.060580000000002,72.064779999999999,72.068979999999996,72.073279999999997,72.077579999999998,72.081780000000009,72.085980000000006,72.090280000000007,72.094580000000008,72.098780000000005,72.102980000000002,72.10718,72.11148,72.115679999999998,72.119979999999998,72.124179999999996,72.128479999999996,72.132779999999997,72.136980000000008,72.141280000000009,72.145480000000006,72.149680000000004,72.153880000000001,72.157980000000009,72.162279999999996,72.166380000000004,72.170580000000001,72.174680000000009,72.178780000000003,72.182980000000001,72.187179999999998,72.191379999999995,72.195679999999996,72.199780000000004,72.203980000000001,72.208179999999999,72.212280000000007,72.216480000000004,72.220780000000005,72.224879999999999,72.228880000000004,72.233180000000004,72.237279999999998,72.241479999999996,72.245580000000004,72.249679999999998,72.253979999999999,72.258179999999996,72.262380000000007,72.266580000000005,72.270780000000002,72.274979999999999,72.279380000000003,72.283479999999997,72.287779999999998,72.291979999999995,72.296180000000007,72.300380000000004,72.304680000000005,72.308980000000005,72.313280000000006,72.317480000000003,72.321680000000001,72.325980000000001,72.330280000000002,72.334580000000003,72.338980000000006,72.343280000000007,72.347480000000004,72.351680000000002,72.355879999999999,72.36018,72.364379999999997,72.368580000000009,72.372880000000009,72.377279999999999,72.381479999999996,72.385680000000008,72.389980000000008,72.394280000000009,72.398579999999995,72.402879999999996,72.407179999999997,72.411380000000008,72.415580000000006,72.419880000000006,72.42398,72.428179999999998,72.432280000000006,72.436480000000003,72.440780000000004,72.444980000000001,72.449080000000009,72.453280000000007,72.457279999999997,72.461380000000005,72.465580000000003,72.469679999999997,72.473979999999997,72.478080000000006,72.482280000000003,72.486280000000008,72.490480000000005,72.494680000000002,72.498980000000003,72.503280000000004,72.507480000000001,72.511679999999998,72.515979999999999,72.520380000000003,72.52458,72.528980000000004,72.533180000000002,72.537580000000005,72.541780000000003,72.546080000000003,72.550179999999997,72.554580000000001,72.558679999999995,72.562780000000004,72.566879999999998,72.571080000000009,72.575280000000006,72.57938,72.583579999999998,72.587980000000002,72.592280000000002,72.596580000000003,72.60078,72.605180000000004,72.609480000000005,72.613780000000006,72.61788,72.621980000000008,72.626080000000002,72.630179999999996,72.634280000000004,72.638180000000006,72.642080000000007,72.646180000000001,72.650280000000009,72.654480000000007,72.658680000000004,72.662779999999998,72.666880000000006,72.670879999999997,72.675080000000008,72.679280000000006,72.683580000000006,72.687579999999997,72.691479999999999,72.695580000000007,72.699680000000001,72.703780000000009,72.707880000000003,72.711979999999997,72.716080000000005,72.720179999999999,72.724280000000007,72.728580000000008,72.732780000000005,72.736980000000003,72.74118,72.745480000000001,72.749580000000009,72.753780000000006,72.757980000000003,72.762280000000004,72.766580000000005,72.770880000000005,72.775180000000006,72.779480000000007,72.783780000000007,72.788179999999997,72.792479999999998,72.796880000000002,72.801180000000002,72.80538,72.809780000000003,72.814080000000004,72.818380000000005,72.822680000000005,72.826980000000006,72.831280000000007,72.835679999999996,72.84008,72.844580000000008,72.848880000000008,72.853279999999998,72.857479999999995,72.861879999999999,72.866079999999997,72.870379999999997,72.874480000000005,72.878680000000003,72.882779999999997,72.886780000000002,72.891080000000002,72.89528,72.89958,72.903779999999998,72.907980000000009,72.912379999999999,72.916679999999999,72.92098,72.925280000000001,72.929479999999998,72.933679999999995,72.937780000000004,72.941980000000001,72.945980000000006,72.95008,72.954080000000005,72.957980000000006,72.961979999999997,72.965980000000002,72.970079999999996,72.974080000000001,72.978279999999998,72.982380000000006,72.986580000000004,72.990679999999998,72.994780000000006,72.999080000000006,73.003380000000007,73.007580000000004,73.011679999999998,73.015879999999996,73.019880000000001,73.023880000000005,73.027979999999999,73.031980000000004,73.036079999999998,73.03998,73.043980000000005,73.048079999999999,73.052080000000004,73.056280000000001,73.060380000000009,73.064580000000007,73.068680000000001,73.072980000000001,73.077179999999998,73.081479999999999,73.085679999999996,73.089780000000005,73.093879999999999,73.097980000000007,73.101979999999998,73.106080000000006,73.11018,73.114280000000008,73.118380000000002,73.122280000000003,73.126480000000001,73.130679999999998,73.134780000000006,73.138980000000004,73.143280000000004,73.147480000000002,73.151679999999999,73.155780000000007,73.160179999999997,73.164380000000008,73.168580000000006,73.17268,73.176879999999997,73.180980000000005,73.185180000000003,73.189279999999997,73.193380000000005,73.197479999999999,73.201580000000007,73.205780000000004,73.209879999999998,73.214079999999996,73.218379999999996,73.222679999999997,73.226880000000008,73.231279999999998,73.235579999999999,73.239980000000003,73.244280000000003,73.248580000000004,73.252780000000001,73.257080000000002,73.261179999999996,73.265280000000004,73.269379999999998,73.273480000000006,73.277680000000004,73.281779999999998,73.285880000000006,73.290279999999996,73.294480000000007,73.298879999999997,73.303280000000001,73.307680000000005,73.311880000000002,73.316180000000003,73.320580000000007,73.324780000000004,73.328980000000001,73.333079999999995,73.33708,73.340980000000002,73.344980000000007,73.348979999999997,73.353180000000009,73.35718,73.361180000000004,73.365279999999998,73.369479999999996,73.373680000000007,73.378079999999997,73.382280000000009,73.386580000000009,73.390780000000007,73.395080000000007,73.399380000000008,73.403580000000005,73.407880000000006,73.41198,73.416179999999997,73.420380000000009,73.424580000000006,73.42868,73.432780000000008,73.436980000000005,73.441180000000003,73.44538,73.449579999999997,73.453879999999998,73.458179999999999,73.462379999999996,73.466580000000008,73.470880000000008,73.475180000000009,73.479479999999995,73.483779999999996,73.487980000000007,73.492180000000005,73.496380000000002,73.500680000000003,73.50488,73.509180000000001,73.513379999999998,73.517480000000006,73.521680000000003,73.525680000000008,73.529880000000006,73.53398,73.538179999999997,73.542180000000002,73.546279999999996,73.550380000000004,73.554479999999998,73.558580000000006,73.562780000000004,73.566980000000001,73.571080000000009,73.575379999999996,73.579580000000007,73.583880000000008,73.587980000000002,73.592079999999996,73.596280000000007,73.600480000000005,73.604579999999999,73.608680000000007,73.612780000000001,73.616880000000009,73.621080000000006,73.62518,73.629379999999998,73.633480000000006,73.637680000000003,73.64188,73.646180000000001,73.650379999999998,73.654679999999999,73.658780000000007,73.662980000000005,73.667079999999999,73.671279999999996,73.675380000000004,73.679680000000005,73.683679999999995,73.687780000000004,73.691879999999998,73.695980000000006,73.700180000000003,73.70438,73.708480000000009,73.712680000000006,73.716980000000007,73.721180000000004,73.725480000000005,73.729579999999999,73.733879999999999,73.738079999999997,73.742180000000005,73.746279999999999,73.750479999999996,73.754580000000004,73.758780000000002,73.762979999999999,73.76728,73.771479999999997,73.775779999999997,73.780180000000001,73.784480000000002,73.788780000000003,73.793080000000003,73.797380000000004,73.801580000000001,73.805880000000002,73.810079999999999,73.814279999999997,73.818480000000008,73.822680000000005,73.826779999999999,73.830979999999997,73.835080000000005,73.839480000000009,73.843580000000003,73.84778,73.851780000000005,73.856080000000006,73.860280000000003,73.864379999999997,73.868580000000009,73.872780000000006,73.87688,73.881079999999997,73.885180000000005,73.889279999999999,73.893380000000008,73.897480000000002,73.901579999999996,73.905680000000004,73.909779999999998,73.913880000000006,73.91798,73.921880000000002,73.925880000000006,73.929780000000008,73.933779999999999,73.937780000000004,73.941780000000008,73.945679999999996,73.949680000000001,73.953580000000002,73.957580000000007,73.961680000000001,73.965680000000006,73.96978,73.973880000000008,73.977980000000002,73.982079999999996,73.986080000000001,73.990279999999998,73.994380000000007,73.998480000000001,74.002580000000009,74.00658,74.010680000000008,74.014679999999998,74.018780000000007,74.022680000000008,74.026780000000002,74.030680000000004,74.034680000000009,74.038679999999999,74.042680000000004,74.046779999999998,74.050780000000003,74.05498,74.059080000000009,74.063280000000006,74.067480000000003,74.071680000000001,74.075879999999998,74.080179999999999,74.084379999999996,74.088580000000007,74.092780000000005,74.096980000000002,74.101079999999996,74.105379999999997,74.109580000000008,74.113680000000002,74.117980000000003,74.12218,74.126280000000008,74.130580000000009,74.134780000000006,74.139080000000007,74.143380000000008,74.147680000000008,74.151880000000006,74.156080000000003,74.160380000000004,74.164380000000008,74.168580000000006,74.17268,74.176879999999997,74.180980000000005,74.185079999999999,74.189080000000004,74.193280000000001,74.197379999999995,74.201679999999996,74.205979999999997,74.210180000000008,74.214380000000006,74.218580000000003,74.222679999999997,74.226979999999998,74.231279999999998,74.235479999999995,74.239580000000004,74.243679999999998,74.247780000000006,74.25188,74.256180000000001,74.260180000000005,74.264380000000003,74.26858,74.272779999999997,74.276980000000009,74.281379999999999,74.285579999999996,74.289879999999997,74.294179999999997,74.298479999999998,74.302880000000002,74.307079999999999,74.311180000000007,74.315380000000005,74.319479999999999,74.323480000000004,74.327680000000001,74.331780000000009,74.335980000000006,74.34008,74.344380000000001,74.348480000000009,74.352680000000007,74.356880000000004,74.361280000000008,74.365679999999998,74.369979999999998,74.374179999999996,74.378280000000004,74.382480000000001,74.386679999999998,74.390879999999996,74.395179999999996,74.399280000000005,74.403480000000002,74.407579999999996,74.411780000000007,74.416080000000008,74.420380000000009,74.424680000000009,74.429079999999999,74.43338,74.437780000000004,74.442180000000008,74.446579999999997,74.450980000000001,74.455380000000005,74.459680000000006,74.463980000000006,74.468280000000007,74.472480000000004,74.476579999999998,74.480879999999999,74.484980000000007,74.489180000000005,74.493480000000005,74.497680000000003,74.501980000000003,74.506380000000007,74.510680000000008,74.514980000000008,74.519180000000006,74.523579999999995,74.527979999999999,74.532380000000003,74.536580000000001,74.540880000000001,74.545079999999999,74.549279999999996,74.553480000000008,74.557780000000008,74.562080000000009,74.566180000000003,74.57038,74.574680000000001,74.579080000000005,74.583280000000002,74.587580000000003,74.59178,74.596080000000001,74.600380000000001,74.604780000000005,74.609080000000006,74.613380000000006,74.617580000000004,74.621780000000001,74.626180000000005,74.630480000000006,74.634780000000006,74.639080000000007,74.643280000000004,74.647580000000005,74.651880000000006,74.656180000000006,74.660480000000007,74.664780000000007,74.668980000000005,74.673280000000005,74.677580000000006,74.681880000000007,74.686180000000007,74.690480000000008,74.694879999999998,74.699179999999998,74.703580000000002,74.70778,74.71208,74.716380000000001,74.720780000000005,74.724879999999999,74.729079999999996,74.733379999999997,74.737679999999997,74.741780000000006,74.746080000000006,74.750380000000007,74.754580000000004,74.758880000000005,74.763180000000006,74.767679999999999,74.771979999999999,74.77628,74.78058,74.784980000000004,74.789180000000002,74.793580000000006,74.797780000000003,74.80198,74.806179999999998,74.810380000000009,74.814580000000007,74.818680000000001,74.822879999999998,74.826980000000006,74.831180000000003,74.835380000000001,74.839579999999998,74.843879999999999,74.848079999999996,74.852280000000007,74.856380000000001,74.860680000000002,74.864980000000003,74.869280000000003,74.873480000000001,74.877679999999998,74.882080000000002,74.886179999999996,74.890479999999997,74.894680000000008,74.898880000000005,74.903080000000003,74.907380000000003,74.911680000000004,74.915880000000001,74.920180000000002,74.924480000000003,74.928780000000003,74.932980000000001,74.937280000000001,74.941479999999999,74.945779999999999,74.95008,74.95438,74.958579999999998,74.962780000000009,74.966980000000007,74.971180000000004,74.975380000000001,74.979680000000002,74.983980000000003,74.98818,74.992280000000008,74.996480000000005,75.000780000000006,75.005179999999996,75.00958,75.013779999999997,75.017980000000009,75.022180000000006,75.026480000000006,75.03058,75.034779999999998,75.038980000000009,75.043180000000007,75.047280000000001,75.051479999999998,75.055580000000006,75.059880000000007,75.064080000000004,75.068280000000001,75.072580000000002,75.076880000000003,75.081180000000003,75.085580000000007,75.089880000000008,75.094180000000009,75.098480000000009,75.102779999999996,75.106980000000007,75.111280000000008,75.115580000000008,75.119780000000006,75.124080000000006,75.12818,75.132379999999998,75.136580000000009,75.140680000000003,75.144980000000004,75.149280000000005,75.153379999999999,75.157780000000002,75.162080000000003,75.166579999999996,75.170780000000008,75.175080000000008,75.179280000000006,75.183580000000006,75.187780000000004,75.191980000000001,75.196179999999998,75.200280000000006,75.204279999999997,75.208179999999999,75.212280000000007,75.216480000000004,75.220579999999998,75.224680000000006,75.228880000000004,75.233080000000001,75.237279999999998,75.241579999999999,75.245779999999996,75.250079999999997,75.254280000000008,75.258480000000006,75.262680000000003,75.26688,75.271079999999998,75.275280000000009,75.279579999999996,75.283780000000007,75.287980000000005,75.292280000000005,75.296580000000006,75.300979999999996,75.30538,75.309780000000003,75.314080000000004,75.318380000000005,75.322680000000005,75.326980000000006,75.331180000000003,75.335480000000004,75.339680000000001,75.343980000000002,75.348179999999999,75.352379999999997,75.356580000000008,75.360880000000009,75.365179999999995,75.369380000000007,75.373779999999996,75.378079999999997,75.382480000000001,75.386679999999998,75.390879999999996,75.395179999999996,75.399479999999997,75.403680000000008,75.407980000000009,75.412180000000006,75.416380000000004,75.420380000000009,75.424680000000009,75.428880000000007,75.433080000000004,75.437179999999998,75.441379999999995,75.445480000000003,75.449480000000008,75.453680000000006,75.45778,75.461880000000008,75.466080000000005,75.470179999999999,75.474379999999996,75.478580000000008,75.482680000000002,75.486980000000003,75.491280000000003,75.495580000000004,75.499880000000005,75.504180000000005,75.508380000000002,75.51258,75.516779999999997,75.520980000000009,75.525280000000009,75.529380000000003,75.533580000000001,75.537880000000001,75.542180000000002,75.546480000000003,75.550780000000003,75.55498,75.559280000000001,75.563580000000002,75.567980000000006,75.572379999999995,75.576679999999996,75.580979999999997,75.585279999999997,75.589380000000006,75.593580000000003,75.59778,75.601880000000008,75.605980000000002,75.61018,75.614180000000005,75.618279999999999,75.622479999999996,75.626480000000001,75.630679999999998,75.634879999999995,75.639179999999996,75.643479999999997,75.647680000000008,75.651980000000009,75.656279999999995,75.660480000000007,75.664780000000007,75.668980000000005,75.673079999999999,75.677180000000007,75.681380000000004,75.685479999999998,75.689679999999996,75.693880000000007,75.698180000000008,75.702579999999998,75.706980000000001,75.711480000000009,75.715879999999999,75.720280000000002,75.724680000000006,75.729179999999999,75.733580000000003,75.737780000000001,75.741979999999998,75.746279999999999,75.750479999999996,75.754779999999997,75.758980000000008,75.763180000000006,75.767380000000003,75.771680000000003,75.776080000000007,75.780479999999997,75.784880000000001,75.789280000000005,75.793680000000009,75.797979999999995,75.802379999999999,75.80668,75.811080000000004,75.815380000000005,75.819580000000002,75.823779999999999,75.827979999999997,75.832080000000005,75.836179999999999,75.840280000000007,75.844380000000001,75.848480000000009,75.852680000000007,75.856880000000004,75.861180000000004,75.865480000000005,75.869780000000006,75.874179999999996,75.878479999999996,75.882779999999997,75.887180000000001,75.891480000000001,75.895780000000002,75.899979999999999,75.904080000000008,75.908280000000005,75.912379999999999,75.916480000000007,75.920580000000001,75.924680000000009,75.928880000000007,75.933080000000004,75.937280000000001,75.941580000000002,75.945779999999999,75.949979999999996,75.954279999999997,75.958480000000009,75.962780000000009,75.966980000000007,75.971280000000007,75.975480000000005,75.979579999999999,75.983680000000007,75.987880000000004,75.992080000000001,75.996279999999999,76.000479999999996,76.004779999999997,76.009079999999997,76.013480000000001,76.017880000000005,76.022280000000009,76.026579999999996,76.03098,76.03528,76.039780000000007,76.044080000000008,76.048479999999998,76.052679999999995,76.056880000000007,76.061180000000007,76.065380000000005,76.069680000000005,76.073880000000003,76.078180000000003,76.082279999999997,76.086480000000009,76.090680000000006,76.094980000000007,76.099280000000007,76.103480000000005,76.107780000000005,76.112080000000006,76.116280000000003,76.120580000000004,76.124880000000005,76.129180000000005,76.133480000000006,76.137680000000003,76.14188,76.145980000000009,76.150180000000006,76.154480000000007,76.158680000000004,76.162880000000001,76.167079999999999,76.171279999999996,76.175579999999997,76.179780000000008,76.184179999999998,76.188380000000009,76.192679999999996,76.196780000000004,76.201080000000005,76.205380000000005,76.209680000000006,76.21378,76.217880000000008,76.222080000000005,76.226179999999999,76.230379999999997,76.234380000000002,76.238579999999999,76.242779999999996,76.246980000000008,76.251080000000002,76.255279999999999,76.259380000000007,76.263680000000008,76.267980000000009,76.272180000000006,76.276380000000003,76.28058,76.284680000000009,76.288980000000009,76.293279999999996,76.297480000000007,76.301780000000008,76.305980000000005,76.310180000000003,76.31438,76.318680000000001,76.322980000000001,76.327280000000002,76.331479999999999,76.335679999999996,76.34008,76.344480000000004,76.348780000000005,76.353180000000009,76.357479999999995,76.361980000000003,76.366380000000007,76.37088,76.375380000000007,76.379779999999997,76.384180000000001,76.388580000000005,76.392980000000009,76.397280000000009,76.401679999999999,76.406080000000003,76.410480000000007,76.414780000000007,76.419179999999997,76.423580000000001,76.427880000000002,76.432280000000006,76.436779999999999,76.441180000000003,76.445580000000007,76.449979999999996,76.454279999999997,76.458579999999998,76.462980000000002,76.467179999999999,76.47148,76.47578,76.479880000000009,76.484180000000009,76.488380000000006,76.49248,76.496580000000009,76.500680000000003,76.504779999999997,76.509079999999997,76.513180000000006,76.51728,76.521380000000008,76.525680000000008,76.529780000000002,76.534180000000006,76.53828,76.542479999999998,76.546580000000006,76.55068,76.554879999999997,76.558980000000005,76.563079999999999,76.567080000000004,76.571179999999998,76.575180000000003,76.579279999999997,76.583480000000009,76.587680000000006,76.591880000000003,76.596180000000004,76.600480000000005,76.604780000000005,76.609080000000006,76.613380000000006,76.617580000000004,76.621880000000004,76.626180000000005,76.630480000000006,76.63458,76.638779999999997,76.642880000000005,76.647080000000003,76.651179999999997,76.655380000000008,76.659580000000005,76.663780000000003,76.66798,76.672179999999997,76.676479999999998,76.680679999999995,76.684979999999996,76.689279999999997,76.693680000000001,76.697879999999998,76.702179999999998,76.706180000000003,76.710380000000001,76.714480000000009,76.718779999999995,76.722880000000004,76.727080000000001,76.731080000000006,76.73518,76.73948,76.743580000000009,76.747979999999998,76.752179999999996,76.756479999999996,76.760779999999997,76.765079999999998,76.769379999999998,76.773679999999999,76.777879999999996,76.782179999999997,76.786280000000005,76.790580000000006,76.794780000000003,76.798879999999997,76.803080000000008,76.807180000000002,76.81138,76.815579999999997,76.819879999999998,76.824080000000009,76.828280000000007,76.832679999999996,76.836880000000008,76.841279999999998,76.845480000000009,76.849779999999996,76.854179999999999,76.858379999999997,76.862780000000001,76.866979999999998,76.871179999999995,76.875380000000007,76.879680000000008,76.883980000000008,76.888180000000006,76.892380000000003,76.89658,76.900880000000001,76.905280000000005,76.909580000000005,76.913880000000006,76.918080000000003,76.922380000000004,76.926680000000005,76.930980000000005,76.935380000000009,76.939679999999996,76.943979999999996,76.948080000000004,76.952380000000005,76.956580000000002,76.960980000000006,76.965180000000004,76.969480000000004,76.973680000000002,76.978080000000006,76.982479999999995,76.986980000000003,76.991380000000007,76.995779999999996,77.00018,77.004580000000004,77.008980000000008,77.013379999999998,77.017880000000005,77.022280000000009,77.026679999999999,77.03098,77.035380000000004,77.039680000000004,77.044080000000008,77.048479999999998,77.052880000000002,77.057079999999999,77.06138,77.06568,77.069980000000001,77.074080000000009,77.078379999999996,77.082679999999996,77.086979999999997,77.091279999999998,77.095680000000002,77.099980000000002,77.104380000000006,77.108680000000007,77.112980000000007,77.117379999999997,77.121580000000009,77.125880000000009,77.130179999999996,77.134380000000007,77.138680000000008,77.142980000000009,77.147280000000009,77.151579999999996,77.15598,77.16028,77.164680000000004,77.169179999999997,77.173580000000001,77.178080000000008,77.182280000000006,77.186679999999996,77.191079999999999,77.195279999999997,77.199480000000008,77.203479999999999,77.207679999999996,77.211680000000001,77.215680000000006,77.21978,77.223979999999997,77.228080000000006,77.232280000000003,77.236580000000004,77.240880000000004,77.245280000000008,77.249580000000009,77.253979999999999,77.258380000000002,77.26258,77.266980000000004,77.271180000000001,77.275379999999998,77.279679999999999,77.28398,77.28828,77.292479999999998,77.296779999999998,77.300979999999996,77.305480000000003,77.309979999999996,77.314480000000003,77.318780000000004,77.323080000000004,77.327579999999998,77.331980000000001,77.336280000000002,77.340580000000003,77.344880000000003,77.349080000000001,77.353279999999998,77.357579999999999,77.361779999999996,77.36618,77.370379999999997,77.374580000000009,77.378879999999995,77.383179999999996,77.387680000000003,77.39188,77.396180000000001,77.400379999999998,77.404679999999999,77.408879999999996,77.41328,77.417479999999998,77.421580000000006,77.425780000000003,77.42998,77.434179999999998,77.438380000000009,77.442679999999996,77.446880000000007,77.451080000000005,77.455380000000005,77.459680000000006,77.463980000000006,77.468379999999996,77.47278,77.477180000000004,77.481380000000001,77.485680000000002,77.489879999999999,77.494280000000003,77.498480000000001,77.502780000000001,77.506979999999999,77.511279999999999,77.515380000000007,77.519680000000008,77.523980000000009,77.528379999999999,77.532679999999999,77.53698,77.54128,77.545680000000004,77.550080000000008,77.554479999999998,77.558980000000005,77.563280000000006,77.567679999999996,77.571979999999996,77.576480000000004,77.580780000000004,77.584980000000002,77.589179999999999,77.593379999999996,77.597679999999997,77.601780000000005,77.605980000000002,77.61018,77.614379999999997,77.618580000000009,77.622880000000009,77.627279999999999,77.631680000000003,77.635980000000004,77.640280000000004,77.644680000000008,77.649079999999998,77.653480000000002,77.657780000000002,77.66198,77.66628,77.670479999999998,77.674779999999998,77.679079999999999,77.68338,77.687780000000004,77.692180000000008,77.696480000000008,77.700879999999998,77.705179999999999,77.709580000000003,77.713980000000006,77.718280000000007,77.722580000000008,77.726880000000008,77.731180000000009,77.735380000000006,77.739680000000007,77.743780000000001,77.747979999999998,77.752179999999996,77.756280000000004,77.760480000000001,77.764679999999998,77.768879999999996,77.772980000000004,77.777180000000001,77.781379999999999,77.785579999999996,77.78998,77.794179999999997,77.798479999999998,77.802679999999995,77.806979999999996,77.811180000000007,77.815480000000008,77.819680000000005,77.823880000000003,77.828180000000003,77.832180000000008,77.836480000000009,77.840479999999999,77.84478,77.848880000000008,77.853080000000006,77.857280000000003,77.86148,77.865780000000001,77.870080000000002,77.874380000000002,77.878680000000003,77.882980000000003,77.887180000000001,77.891480000000001,77.895679999999999,77.899979999999999,77.904080000000008,77.908280000000005,77.912379999999999,77.916579999999996,77.920680000000004,77.924980000000005,77.929180000000002,77.93338,77.93768,77.941980000000001,77.946280000000002,77.950680000000006,77.955079999999995,77.959379999999996,77.963679999999997,77.967880000000008,77.972080000000005,77.976380000000006,77.98048,77.984580000000008,77.988780000000006,77.99288,77.997079999999997,78.001280000000008,78.005480000000006,78.00958,78.01388,78.018079999999998,78.022379999999998,78.026679999999999,78.03098,78.035179999999997,78.039380000000008,78.043480000000002,78.04768,78.051879999999997,78.055980000000005,78.060079999999999,78.064180000000007,78.068080000000009,78.071979999999996,78.075879999999998,78.07978,78.083780000000004,78.087680000000006,78.091679999999997,78.095380000000006,78.098880000000008,78.10248,78.106279999999998,78.109980000000007,78.113780000000006,78.117379999999997,78.121080000000006,78.124679999999998,78.128479999999996,78.132280000000009,78.136380000000003,78.140380000000007,78.144379999999998,78.148480000000006,78.15258,78.156779999999998,78.160880000000006,78.165080000000003,78.169080000000008,78.173280000000005,78.177480000000003,78.18168,78.185879999999997,78.190080000000009,78.194180000000003,78.19838,78.202480000000008,78.206580000000002,78.210679999999996,78.214680000000001,78.218779999999995,78.222880000000004,78.226979999999998,78.230980000000002,78.235280000000003,78.239379999999997,78.243580000000009,78.247680000000003,78.25188,78.255980000000008,78.260180000000005,78.264279999999999,78.268479999999997,78.272580000000005,78.276679999999999,78.280780000000007,78.284880000000001,78.288980000000009,78.293279999999996,78.297480000000007,78.301580000000001,78.305779999999999,78.309880000000007,78.314080000000004,78.318179999999998,78.322379999999995,78.326480000000004,78.330680000000001,78.334680000000006,78.338880000000003,78.342979999999997,78.346980000000002,78.351079999999996,78.355180000000004,78.359180000000009,78.363280000000003,78.367379999999997,78.371480000000005,78.375780000000006,78.379980000000003,78.384180000000001,78.388480000000001,78.392780000000002,78.396879999999996,78.401179999999997,78.405280000000005,78.409480000000002,78.413579999999996,78.417780000000008,78.421880000000002,78.426079999999999,78.430279999999996,78.434480000000008,78.438680000000005,78.442880000000002,78.446979999999996,78.45138,78.455780000000004,78.459980000000002,78.464079999999996,78.468180000000004,78.472380000000001,78.476680000000002,78.480879999999999,78.484980000000007,78.488979999999998,78.493080000000006,78.49718,78.501379999999997,78.505679999999998,78.509879999999995,78.514179999999996,78.518280000000004,78.522480000000002,78.526679999999999,78.530879999999996,78.535080000000008,78.539280000000005,78.543480000000002,78.547579999999996,78.551680000000005,78.555779999999999,78.559880000000007,78.564080000000004,78.568280000000001,78.572479999999999,78.576679999999996,78.580780000000004,78.584879999999998,78.588980000000006,78.593280000000007,78.597380000000001,78.601579999999998,78.605680000000007,78.609780000000001,78.613979999999998,78.618179999999995,78.622479999999996,78.626580000000004,78.630780000000001,78.635080000000002,78.639179999999996,78.643380000000008,78.647480000000002,78.651579999999996,78.655680000000004,78.659779999999998,78.663880000000006,78.66798,78.672080000000008,78.676180000000002,78.68038,78.684480000000008,78.688680000000005,78.692880000000002,78.696979999999996,78.701180000000008,78.705480000000009,78.709580000000003,78.71378,78.717780000000005,78.721980000000002,78.725980000000007,78.730180000000004,78.734279999999998,78.738280000000003,78.742280000000008,78.746380000000002,78.750579999999999,78.754680000000008,78.758880000000005,78.762879999999996,78.767080000000007,78.771280000000004,78.775480000000002,78.779780000000002,78.78398,78.788080000000008,78.792280000000005,78.796379999999999,78.800480000000007,78.804580000000001,78.808679999999995,78.81268,78.816680000000005,78.820779999999999,78.824780000000004,78.828780000000009,78.83278,78.836979999999997,78.840980000000002,78.845179999999999,78.849280000000007,78.853480000000005,78.857680000000002,78.861879999999999,78.866079999999997,78.870180000000005,78.874179999999996,78.878280000000004,78.882379999999998,78.886480000000006,78.890380000000007,78.894379999999998,78.898380000000003,78.902479999999997,78.906580000000005,78.910780000000003,78.915080000000003,78.919179999999997,78.923380000000009,78.927580000000006,78.931880000000007,78.936180000000007,78.940380000000005,78.944479999999999,78.948580000000007,78.952579999999998,78.956780000000009,78.96078,78.964880000000008,78.968779999999995,78.972679999999997,78.976680000000002,78.980779999999996,78.984880000000004,78.988880000000009,78.993080000000006,78.99718,79.001379999999997,79.005480000000006,79.00958,79.013779999999997,79.017980000000009,79.022180000000006,79.026480000000006,79.030479999999997,79.034480000000002,79.038480000000007,79.042580000000001,79.046580000000006,79.050780000000003,79.054780000000008,79.058679999999995,79.062480000000008,79.066379999999995,79.070480000000003,79.074480000000008,79.078479999999999,79.082380000000001,79.086280000000002,79.090180000000004,79.094080000000005,79.097980000000007,79.101979999999998,79.105879999999999,79.109780000000001,79.113780000000006,79.117779999999996,79.121679999999998,79.125780000000006,79.129779999999997,79.134079999999997,79.138180000000006,79.14228,79.146479999999997,79.150580000000005,79.154780000000002,79.158879999999996,79.162980000000005,79.166979999999995,79.171080000000003,79.175280000000001,79.179380000000009,79.183580000000006,79.187880000000007,79.191980000000001,79.196179999999998,79.200379999999996,79.204679999999996,79.208880000000008,79.213080000000005,79.217280000000002,79.221580000000003,79.22578,79.230080000000001,79.234380000000002,79.238479999999996,79.242680000000007,79.246880000000004,79.250979999999998,79.255179999999996,79.259380000000007,79.263480000000001,79.267679999999999,79.27158,79.275779999999997,79.279980000000009,79.284180000000006,79.288380000000004,79.292680000000004,79.296779999999998,79.300979999999996,79.305080000000004,79.309179999999998,79.313380000000009,79.317679999999996,79.321780000000004,79.325879999999998,79.329980000000006,79.333880000000008,79.337980000000002,79.342179999999999,79.346280000000007,79.350279999999998,79.354280000000003,79.35848,79.362580000000008,79.366579999999999,79.370680000000007,79.374780000000001,79.378879999999995,79.38288,79.387079999999997,79.391280000000009,79.395380000000003,79.399380000000008,79.403480000000002,79.407579999999996,79.411680000000004,79.415980000000005,79.420079999999999,79.424279999999996,79.428280000000001,79.432380000000009,79.43638,79.440579999999997,79.444680000000005,79.448679999999996,79.452680000000001,79.456680000000006,79.460480000000004,79.464480000000009,79.46848,79.472580000000008,79.476680000000002,79.480779999999996,79.484780000000001,79.488880000000009,79.492980000000003,79.49718,79.501580000000004,79.505780000000001,79.509879999999995,79.513980000000004,79.518180000000001,79.522280000000009,79.526380000000003,79.530479999999997,79.534680000000009,79.538579999999996,79.542580000000001,79.546580000000006,79.55068,79.554780000000008,79.558980000000005,79.563079999999999,79.567279999999997,79.571380000000005,79.575580000000002,79.579679999999996,79.583780000000004,79.587980000000002,79.592079999999996,79.596180000000004,79.600279999999998,79.604280000000003,79.608379999999997,79.612480000000005,79.616380000000007,79.620480000000001,79.624480000000005,79.628780000000006,79.632779999999997,79.637079999999997,79.641280000000009,79.645380000000003,79.649479999999997,79.653680000000008,79.657980000000009,79.662180000000006,79.666480000000007,79.670479999999998,79.674480000000003,79.678579999999997,79.682580000000002,79.686580000000006,79.690579999999997,79.694580000000002,79.698580000000007,79.702380000000005,79.706580000000002,79.710580000000007,79.714780000000005,79.718879999999999,79.723179999999999,79.727379999999997,79.731580000000008,79.735880000000009,79.740080000000006,79.744380000000007,79.748480000000001,79.752580000000009,79.756680000000003,79.760680000000008,79.764679999999998,79.768780000000007,79.772880000000001,79.776980000000009,79.78098,79.785080000000008,79.789180000000002,79.793279999999996,79.797579999999996,79.801780000000008,79.805880000000002,79.809880000000007,79.813980000000001,79.818080000000009,79.822180000000003,79.826279999999997,79.830380000000005,79.834479999999999,79.838480000000004,79.842680000000001,79.846879999999999,79.851079999999996,79.855280000000008,79.859480000000005,79.863780000000006,79.86788,79.872280000000003,79.876379999999997,79.880679999999998,79.884780000000006,79.888980000000004,79.893180000000001,79.897379999999998,79.901579999999996,79.905680000000004,79.909880000000001,79.913980000000009,79.918180000000007,79.922380000000004,79.926479999999998,79.930779999999999,79.934880000000007,79.939180000000007,79.943280000000001,79.947379999999995,79.951679999999996,79.955780000000004,79.960080000000005,79.964280000000002,79.968580000000003,79.972679999999997,79.976979999999998,79.981279999999998,79.985579999999999,79.989779999999996,79.994079999999997,79.998379999999997,80.002679999999998,80.006979999999999,80.011380000000003,80.01558,80.019779999999997,80.023980000000009,80.028080000000003,80.032480000000007,80.036580000000001,80.040779999999998,80.044880000000006,80.049080000000004,80.053179999999998,80.057380000000009,80.061779999999999,80.066079999999999,80.070279999999997,80.074579999999997,80.078879999999998,80.083079999999995,80.087379999999996,80.091480000000004,80.095680000000002,80.099779999999996,80.103980000000007,80.107979999999998,80.112080000000006,80.116079999999997,80.120180000000005,80.124179999999996,80.128380000000007,80.132379999999998,80.136580000000009,80.140780000000007,80.144980000000004,80.149079999999998,80.153180000000006,80.157380000000003,80.161380000000008,80.165580000000006,80.16968,80.173780000000008,80.177880000000002,80.181880000000007,80.185879999999997,80.190080000000009,80.194280000000006,80.198480000000004,80.202680000000001,80.206879999999998,80.210880000000003,80.215180000000004,80.219380000000001,80.223680000000002,80.227879999999999,80.231980000000007,80.236080000000001,80.240380000000002,80.244479999999996,80.248680000000007,80.252780000000001,80.256979999999999,80.261179999999996,80.265180000000001,80.269379999999998,80.273380000000003,80.277780000000007,80.281880000000001,80.286079999999998,80.290279999999996,80.294480000000007,80.298680000000004,80.302880000000002,80.307079999999999,80.311279999999996,80.315480000000008,80.319680000000005,80.323779999999999,80.327979999999997,80.332180000000008,80.336280000000002,80.340379999999996,80.344380000000001,80.348380000000006,80.35248,80.356580000000008,80.360680000000002,80.364779999999996,80.368780000000001,80.372979999999998,80.377080000000007,80.381380000000007,80.385680000000008,80.390079999999998,80.394379999999998,80.398780000000002,80.402979999999999,80.407380000000003,80.411580000000001,80.415980000000005,80.420180000000002,80.424480000000003,80.428780000000003,80.432980000000001,80.437280000000001,80.441580000000002,80.445779999999999,80.45008,80.45438,80.458579999999998,80.462879999999998,80.467079999999996,80.471379999999996,80.475679999999997,80.479880000000009,80.483980000000003,80.488280000000003,80.492379999999997,80.496580000000009,80.500680000000003,80.504680000000008,80.508780000000002,80.512979999999999,80.516980000000004,80.521079999999998,80.525180000000006,80.529179999999997,80.533380000000008,80.537480000000002,80.541880000000006,80.546080000000003,80.550280000000001,80.554479999999998,80.558779999999999,80.563079999999999,80.567279999999997,80.571480000000008,80.575680000000006,80.57978,80.583979999999997,80.588080000000005,80.592280000000002,80.59648,80.600679999999997,80.604880000000009,80.608980000000003,80.613280000000003,80.61748,80.621780000000001,80.626080000000002,80.630279999999999,80.634380000000007,80.638580000000005,80.642679999999999,80.646879999999996,80.651179999999997,80.655479999999997,80.659580000000005,80.663679999999999,80.667680000000004,80.671880000000002,80.676079999999999,80.680279999999996,80.684480000000008,80.688680000000005,80.692779999999999,80.696979999999996,80.701279999999997,80.705579999999998,80.709980000000002,80.714179999999999,80.718580000000003,80.72278,80.727180000000004,80.731279999999998,80.735579999999999,80.739779999999996,80.743880000000004,80.748080000000002,80.752279999999999,80.756479999999996,80.760480000000001,80.764780000000002,80.768979999999999,80.773179999999996,80.777380000000008,80.781680000000009,80.785980000000009,80.790080000000003,80.794280000000001,80.798580000000001,80.802779999999998,80.806880000000007,80.810980000000001,80.814980000000006,80.81908,80.823180000000008,80.827080000000009,80.831280000000007,80.835480000000004,80.839680000000001,80.843879999999999,80.848179999999999,80.852379999999997,80.856580000000008,80.860880000000009,80.865279999999998,80.869680000000002,80.87388,80.878079999999997,80.882280000000009,80.886580000000009,80.890780000000007,80.895080000000007,80.899180000000001,80.903379999999999,80.907480000000007,80.911680000000004,80.915779999999998,80.919979999999995,80.924080000000004,80.928280000000001,80.932479999999998,80.936679999999996,80.940979999999996,80.945080000000004,80.949280000000002,80.953379999999996,80.957580000000007,80.961680000000001,80.965879999999999,80.969880000000003,80.973979999999997,80.977879999999999,80.981780000000001,80.985680000000002,80.989680000000007,80.993580000000009,80.997579999999999,81.001680000000007,81.005679999999998,81.009780000000006,81.01388,81.017980000000009,81.022180000000006,81.026480000000006,81.030680000000004,81.034880000000001,81.038880000000006,81.043080000000003,81.047280000000001,81.051380000000009,81.055480000000003,81.059480000000008,81.063580000000002,81.067679999999996,81.071780000000004,81.075780000000009,81.079880000000003,81.083979999999997,81.088080000000005,81.092280000000002,81.096379999999996,81.100679999999997,81.104680000000002,81.108879999999999,81.112980000000007,81.117180000000005,81.121380000000002,81.125479999999996,81.129580000000004,81.133679999999998,81.137879999999996,81.14188,81.145980000000009,81.149979999999999,81.154179999999997,81.158280000000005,81.162379999999999,81.166480000000007,81.170580000000001,81.174580000000006,81.178780000000003,81.182879999999997,81.187080000000009,81.191280000000006,81.19538,81.199579999999997,81.203780000000009,81.208079999999995,81.212280000000007,81.216480000000004,81.220579999999998,81.224680000000006,81.228880000000004,81.233080000000001,81.237279999999998,81.241479999999996,81.245680000000007,81.249780000000001,81.253879999999995,81.258279999999999,81.262479999999996,81.26688,81.270980000000009,81.275379999999998,81.279579999999996,81.283780000000007,81.287980000000005,81.292180000000002,81.296480000000003,81.300579999999997,81.304879999999997,81.308980000000005,81.313180000000003,81.317279999999997,81.321579999999997,81.325780000000009,81.330079999999995,81.334280000000007,81.338480000000004,81.342680000000001,81.346980000000002,81.351079999999996,81.355280000000008,81.359480000000005,81.363680000000002,81.367779999999996,81.371980000000008,81.376180000000005,81.380279999999999,81.384479999999996,81.388680000000008,81.392880000000005,81.396979999999999,81.401179999999997,81.405280000000005,81.409379999999999,81.413480000000007,81.417680000000004,81.421779999999998,81.425979999999996,81.430080000000004,81.434280000000001,81.438479999999998,81.442679999999996,81.446880000000007,81.451180000000008,81.455480000000009,81.459879999999998,81.464280000000002,81.468580000000003,81.472980000000007,81.477280000000007,81.481780000000001,81.486180000000004,81.490580000000008,81.494780000000006,81.499080000000006,81.503380000000007,81.507580000000004,81.511880000000005,81.516180000000006,81.520480000000006,81.524780000000007,81.529080000000008,81.533380000000008,81.537680000000009,81.541979999999995,81.546180000000007,81.550380000000004,81.554580000000001,81.558779999999999,81.561679999999996,81.563980000000001,81.566180000000003,81.568080000000009,81.570080000000004,81.571880000000007,81.573679999999996,81.575479999999999,81.577280000000002,81.578879999999998,81.581980000000001,81.585279999999997,81.588980000000006,81.592780000000005,81.596580000000003,81.600380000000001,81.604280000000003,81.608080000000001,81.611879999999999,81.615780000000001,81.619579999999999,81.623379999999997,81.627080000000007,81.630780000000001,81.634479999999996,81.638280000000009,81.642080000000007,81.645980000000009,81.649780000000007,81.653480000000002,81.657380000000003,81.661280000000005,81.665279999999996,81.669380000000004,81.673280000000005,81.677180000000007,81.680980000000005,81.684979999999996,81.688980000000001,81.693080000000009,81.696979999999996,81.700879999999998,81.704880000000003,81.708780000000004,81.712780000000009,81.71678,81.720979999999997,81.724980000000002,81.728980000000007,81.733080000000001,81.737080000000006,81.741280000000003,81.745480000000001,81.749679999999998,81.753879999999995,81.757980000000003,81.762280000000004,81.766379999999998,81.770579999999995,81.774680000000004,81.778779999999998,81.782980000000009,81.786879999999996,81.790980000000005,81.794979999999995,81.799080000000004,81.803080000000008,81.807180000000002,81.811279999999996,81.815380000000005,81.819479999999999,81.823779999999999,81.827979999999997,81.832180000000008,81.836380000000005,81.840580000000003,81.84478,81.849080000000001,81.853279999999998,81.857380000000006,81.861580000000004,81.865679999999998,81.869780000000006,81.87388,81.878079999999997,81.882180000000005,81.886380000000003,81.890479999999997,81.894680000000008,81.898880000000005,81.903180000000006,81.907579999999996,81.91198,81.916179999999997,81.920580000000001,81.924779999999998,81.929180000000002,81.93338,81.937579999999997,81.941879999999998,81.945980000000006,81.949979999999996,81.953980000000001,81.958079999999995,81.961979999999997,81.966180000000008,81.970179999999999,81.974280000000007,81.978380000000001,81.982380000000006,81.986580000000004,81.990780000000001,81.994880000000009,81.999080000000006,82.00318,82.007480000000001,82.011580000000009,82.015680000000003,82.019779999999997,82.023880000000005,82.027979999999999,82.031980000000004,82.036180000000002,82.040279999999996,82.044480000000007,82.048680000000004,82.052880000000002,82.057079999999999,82.061480000000003,82.065780000000004,82.070279999999997,82.074680000000001,82.079080000000005,82.083380000000005,82.087680000000006,82.091980000000007,82.096280000000007,82.100480000000005,82.104780000000005,82.109180000000009,82.113280000000003,82.117580000000004,82.121980000000008,82.126379999999997,82.130780000000001,82.135180000000005,82.139480000000006,82.144080000000002,82.148480000000006,82.153080000000003,82.157579999999996,82.161879999999996,82.16628,82.170680000000004,82.174880000000002,82.179180000000002,82.183480000000003,82.18768,82.191780000000008,82.195980000000006,82.200180000000003,82.204480000000004,82.208680000000001,82.212980000000002,82.217280000000002,82.221680000000006,82.226079999999996,82.230280000000008,82.234679999999997,82.238780000000006,82.243080000000006,82.247280000000003,82.251480000000001,82.255580000000009,82.259680000000003,82.263580000000005,82.267579999999995,82.27158,82.275680000000008,82.279679999999999,82.283780000000007,82.287980000000005,82.291979999999995,82.296180000000007,82.300280000000001,82.304580000000001,82.308779999999999,82.312979999999996,82.317180000000008,82.321280000000002,82.325479999999999,82.329679999999996,82.333880000000008,82.338180000000008,82.342480000000009,82.346580000000003,82.35078,82.354979999999998,82.359279999999998,82.363579999999999,82.36788,82.37218,82.376280000000008,82.380580000000009,82.384879999999995,82.389179999999996,82.393479999999997,82.397680000000008,82.401980000000009,82.406080000000003,82.410179999999997,82.414280000000005,82.418379999999999,82.422480000000007,82.426680000000005,82.430779999999999,82.434880000000007,82.439080000000004,82.443179999999998,82.447379999999995,82.451679999999996,82.455979999999997,82.460279999999997,82.464680000000001,82.468879999999999,82.473179999999999,82.477379999999997,82.481679999999997,82.485780000000005,82.490080000000006,82.494280000000003,82.498480000000001,82.502580000000009,82.50658,82.510779999999997,82.514980000000008,82.519180000000006,82.523480000000006,82.527680000000004,82.531980000000004,82.536180000000002,82.540480000000002,82.544880000000006,82.549279999999996,82.553780000000003,82.557879999999997,82.562179999999998,82.566280000000006,82.570480000000003,82.574680000000001,82.578780000000009,82.58278,82.586780000000005,82.590779999999995,82.594980000000007,82.599080000000001,82.603380000000001,82.607479999999995,82.611680000000007,82.615980000000008,82.620180000000005,82.624380000000002,82.628680000000003,82.632779999999997,82.636880000000005,82.640979999999999,82.645179999999996,82.649380000000008,82.653379999999999,82.657579999999996,82.661580000000001,82.665779999999998,82.669880000000006,82.67398,82.678179999999998,82.682380000000009,82.686480000000003,82.690579999999997,82.694680000000005,82.698880000000003,82.70308,82.707380000000001,82.711780000000005,82.716180000000008,82.720380000000006,82.724580000000003,82.72878,82.732979999999998,82.737180000000009,82.741280000000003,82.745379999999997,82.749380000000002,82.753280000000004,82.757280000000009,82.761380000000003,82.765479999999997,82.769680000000008,82.773780000000002,82.777979999999999,82.782080000000008,82.786280000000005,82.790480000000002,82.794780000000003,82.798879999999997,82.803080000000008,82.807180000000002,82.811180000000007,82.815280000000001,82.819379999999995,82.823480000000004,82.827579999999998,82.831680000000006,82.835679999999996,82.839880000000008,82.843980000000002,82.848179999999999,82.852280000000007,82.856480000000005,82.860579999999999,82.864879999999999,82.869079999999997,82.873280000000008,82.877580000000009,82.88158,82.885580000000004,82.889679999999998,82.893780000000007,82.897880000000001,82.901980000000009,82.905879999999996,82.909779999999998,82.913679999999999,82.917580000000001,82.921580000000006,82.925480000000007,82.929479999999998,82.933480000000003,82.937480000000008,82.941479999999999,82.945480000000003,82.949680000000001,82.953680000000006,82.95778,82.961780000000005,82.965879999999999,82.969880000000003,82.973880000000008,82.977980000000002,82.982079999999996,82.986180000000004,82.990080000000006,82.994079999999997,82.998180000000005,83.002380000000002,83.006479999999996,83.010680000000008,83.014780000000002,83.018879999999996,83.022980000000004,83.027180000000001,83.031279999999995,83.035480000000007,83.039479999999998,83.043379999999999,83.047480000000007,83.051479999999998,83.055580000000006,83.059480000000008,83.063479999999998,83.067480000000003,83.071579999999997,83.075580000000002,83.079679999999996,83.083780000000004,83.087780000000009,83.091980000000007,83.096180000000004,83.100180000000009,83.104380000000006,83.10848,83.112780000000001,83.116780000000006,83.121080000000006,83.12518,83.129280000000008,83.133380000000002,83.137479999999996,83.141779999999997,83.145880000000005,83.150080000000003,83.154080000000008,83.158280000000005,83.162379999999999,83.166679999999999,83.170879999999997,83.175080000000008,83.179180000000002,83.18338,83.18768,83.191980000000001,83.196179999999998,83.200379999999996,83.204480000000004,83.208780000000004,83.212980000000002,83.217179999999999,83.22148,83.225679999999997,83.229880000000009,83.233980000000003,83.23818,83.242379999999997,83.246480000000005,83.250680000000003,83.25488,83.258980000000008,83.263080000000002,83.267179999999996,83.271380000000008,83.275379999999998,83.279480000000007,83.283680000000004,83.287779999999998,83.291780000000003,83.295780000000008,83.299980000000005,83.304079999999999,83.308180000000007,83.312179999999998,83.316379999999995,83.320580000000007,83.324680000000001,83.328780000000009,83.332880000000003,83.336979999999997,83.341180000000008,83.345179999999999,83.349379999999996,83.353580000000008,83.357680000000002,83.361779999999996,83.365980000000008,83.369979999999998,83.374279999999999,83.378380000000007,83.382580000000004,83.386679999999998,83.390979999999999,83.395179999999996,83.399479999999997,83.403680000000008,83.407880000000006,83.412180000000006,83.416480000000007,83.420780000000008,83.424980000000005,83.429380000000009,83.433580000000006,83.437880000000007,83.441980000000001,83.446179999999998,83.450180000000003,83.454480000000004,83.458480000000009,83.462680000000006,83.46678,83.470780000000005,83.474779999999996,83.47878,83.482979999999998,83.487180000000009,83.491380000000007,83.495480000000001,83.499679999999998,83.503680000000003,83.50788,83.512180000000001,83.516379999999998,83.520480000000006,83.52458,83.528779999999998,83.532980000000009,83.537180000000006,83.541380000000004,83.545580000000001,83.549880000000002,83.553979999999996,83.55838,83.56268,83.566980000000001,83.571280000000002,83.575580000000002,83.579980000000006,83.58408,83.588380000000001,83.592579999999998,83.596980000000002,83.600980000000007,83.605180000000004,83.609279999999998,83.613380000000006,83.61748,83.621480000000005,83.625579999999999,83.629779999999997,83.633880000000005,83.637979999999999,83.642080000000007,83.646280000000004,83.650379999999998,83.654579999999996,83.658580000000001,83.662580000000005,83.666679999999999,83.670780000000008,83.674980000000005,83.679079999999999,83.683080000000004,83.687080000000009,83.691180000000003,83.695279999999997,83.699480000000008,83.703479999999999,83.70778,83.711780000000005,83.715779999999995,83.720079999999996,83.724180000000004,83.728480000000005,83.732780000000005,83.737080000000006,83.741280000000003,83.745680000000007,83.749980000000008,83.754379999999998,83.758780000000002,83.763080000000002,83.767380000000003,83.771680000000003,83.775779999999997,83.779980000000009,83.784180000000006,83.788380000000004,83.792479999999998,83.796480000000003,83.800579999999997,83.804680000000005,83.808980000000005,83.813180000000003,83.81738,83.821579999999997,83.825980000000001,83.830280000000002,83.834680000000006,83.839079999999996,83.843379999999996,83.847679999999997,83.851979999999998,83.856180000000009,83.860579999999999,83.864779999999996,83.868880000000004,83.872979999999998,83.877179999999996,83.881280000000004,83.885580000000004,83.889780000000002,83.894080000000002,83.89828,83.90258,83.906880000000001,83.911280000000005,83.915580000000006,83.919880000000006,83.924180000000007,83.928380000000004,83.932680000000005,83.936779999999999,83.940780000000004,83.944879999999998,83.949080000000009,83.95308,83.957180000000008,83.961179999999999,83.965379999999996,83.969580000000008,83.973780000000005,83.977980000000002,83.982280000000003,83.98648,83.990780000000001,83.995080000000002,83.999480000000005,84.003780000000006,84.007980000000003,84.012079999999997,84.016280000000009,84.020480000000006,84.024680000000004,84.028779999999998,84.032880000000006,84.037080000000003,84.04128,84.045380000000009,84.049779999999998,84.053979999999996,84.058180000000007,84.062480000000008,84.066780000000008,84.071080000000009,84.075379999999996,84.079580000000007,84.083680000000001,84.087980000000002,84.092079999999996,84.096180000000004,84.100180000000009,84.104179999999999,84.108180000000004,84.112279999999998,84.116280000000003,84.120379999999997,84.124380000000002,84.128579999999999,84.132779999999997,84.136780000000002,84.141080000000002,84.145179999999996,84.149380000000008,84.153580000000005,84.157880000000006,84.16198,84.166080000000008,84.170180000000002,84.174279999999996,84.178380000000004,84.182479999999998,84.186679999999996,84.19068,84.194580000000002,84.198580000000007,84.202680000000001,84.206780000000009,84.21078,84.214780000000005,84.218879999999999,84.222980000000007,84.227180000000004,84.231380000000001,84.235780000000005,84.240080000000006,84.244380000000007,84.248580000000004,84.252880000000005,84.257080000000002,84.261279999999999,84.265380000000007,84.269680000000008,84.273880000000005,84.278080000000003,84.28228,84.286479999999997,84.290779999999998,84.294979999999995,84.299379999999999,84.30368,84.307980000000001,84.312280000000001,84.316580000000002,84.320779999999999,84.324979999999996,84.329180000000008,84.333280000000002,84.337379999999996,84.341480000000004,84.345480000000009,84.349580000000003,84.353679999999997,84.357680000000002,84.361980000000003,84.36618,84.370480000000001,84.374780000000001,84.379080000000002,84.383279999999999,84.387479999999996,84.391779999999997,84.395980000000009,84.400180000000006,84.40428,84.408380000000008,84.412580000000005,84.416679999999999,84.420680000000004,84.424980000000005,84.429079999999999,84.433279999999996,84.437380000000005,84.441580000000002,84.445880000000002,84.449979999999996,84.454279999999997,84.458480000000009,84.462780000000009,84.466980000000007,84.471180000000004,84.475580000000008,84.479780000000005,84.484080000000006,84.488280000000003,84.49248,84.496580000000009,84.500880000000009,84.505080000000007,84.509180000000001,84.513379999999998,84.517579999999995,84.521680000000003,84.526080000000007,84.530280000000005,84.534779999999998,84.538980000000009,84.543279999999996,84.547579999999996,84.551879999999997,84.556280000000001,84.560479999999998,84.564679999999996,84.568780000000004,84.573080000000004,84.577179999999998,84.581479999999999,84.585580000000007,84.589880000000008,84.594080000000005,84.598380000000006,84.602779999999996,84.60718,84.611580000000004,84.615880000000004,84.620180000000005,84.624480000000005,84.628879999999995,84.633279999999999,84.637780000000006,84.641980000000004,84.646280000000004,84.650379999999998,84.654679999999999,84.658879999999996,84.66328,84.667479999999998,84.671680000000009,84.675880000000006,84.680080000000004,84.684380000000004,84.688680000000005,84.692980000000006,84.697379999999995,84.701679999999996,84.705880000000008,84.710080000000005,84.714480000000009,84.718779999999995,84.723079999999996,84.727280000000007,84.731480000000005,84.735680000000002,84.739879999999999,84.744079999999997,84.748180000000005,84.752380000000002,84.756479999999996,84.760580000000004,84.764780000000002,84.769080000000002,84.77328,84.77758,84.781779999999998,84.785980000000009,84.790279999999996,84.794579999999996,84.798680000000004,84.802779999999998,84.806979999999996,84.810980000000001,84.815080000000009,84.81908,84.823180000000008,84.827380000000005,84.831580000000002,84.835580000000007,84.839880000000008,84.843980000000002,84.848079999999996,84.852180000000004,84.856279999999998,84.860380000000006,84.86448,84.868480000000005,84.872479999999996,84.876480000000001,84.880480000000006,84.88458,84.888480000000001,84.892480000000006,84.89658,84.900480000000002,84.904579999999996,84.908680000000004,84.912580000000005,84.916679999999999,84.920580000000001,84.924680000000009,84.92868,84.932780000000008,84.936880000000002,84.940979999999996,84.945080000000004,84.949080000000009,84.953180000000003,84.957380000000001,84.961380000000005,84.965479999999999,84.969480000000004,84.973579999999998,84.97748,84.981480000000005,84.985579999999999,84.989580000000004,84.993679999999998,84.997680000000003,85.001779999999997,85.005880000000005,85.010180000000005,85.014279999999999,85.018479999999997,85.022680000000008,85.026780000000002,85.030879999999996,85.034980000000004,85.039180000000002,85.043180000000007,85.047179999999997,85.051180000000002,85.055180000000007,85.059179999999998,85.063280000000006,85.067279999999997,85.071380000000005,85.075379999999996,85.079580000000007,85.083579999999998,85.087780000000009,85.091880000000003,85.096080000000001,85.100180000000009,85.104380000000006,85.108580000000003,85.112679999999997,85.116880000000009,85.121080000000006,85.12518,85.129280000000008,85.133380000000002,85.137479999999996,85.141580000000005,85.145679999999999,85.149680000000004,85.153779999999998,85.157780000000002,85.161680000000004,85.165779999999998,85.169880000000006,85.174080000000004,85.178179999999998,85.182180000000002,85.186279999999996,85.190480000000008,85.194580000000002,85.198779999999999,85.202979999999997,85.206980000000001,85.210980000000006,85.214979999999997,85.219080000000005,85.223079999999996,85.227180000000004,85.231279999999998,85.235280000000003,85.239280000000008,85.243580000000009,85.247680000000003,85.25188,85.255980000000008,85.260180000000005,85.264179999999996,85.268380000000008,85.272480000000002,85.276780000000002,85.28098,85.285179999999997,85.289280000000005,85.293379999999999,85.297480000000007,85.301680000000005,85.305779999999999,85.309979999999996,85.314180000000007,85.318179999999998,85.322280000000006,85.32638,85.330579999999998,85.334879999999998,85.339179999999999,85.343379999999996,85.347480000000004,85.351579999999998,85.355680000000007,85.359880000000004,85.363979999999998,85.368080000000006,85.372079999999997,85.376080000000002,85.380080000000007,85.384180000000001,85.388180000000006,85.392179999999996,85.396280000000004,85.400379999999998,85.404380000000003,85.408479999999997,85.412580000000005,85.416780000000003,85.42098,85.425179999999997,85.429180000000002,85.433480000000003,85.437579999999997,85.441780000000008,85.445980000000006,85.449979999999996,85.454080000000005,85.458179999999999,85.46208,85.466180000000008,85.470179999999999,85.474080000000001,85.477980000000002,85.481780000000001,85.485680000000002,85.489680000000007,85.493780000000001,85.497680000000003,85.501680000000007,85.505679999999998,85.509680000000003,85.513680000000008,85.517780000000002,85.521979999999999,85.525980000000004,85.529980000000009,85.533879999999996,85.537880000000001,85.541880000000006,85.54598,85.550080000000008,85.554180000000002,85.558279999999996,85.562280000000001,85.566379999999995,85.570580000000007,85.574780000000004,85.578980000000001,85.583179999999999,85.587280000000007,85.591180000000008,85.595179999999999,85.599280000000007,85.603380000000001,85.607380000000006,85.611379999999997,85.615279999999998,85.61918,85.623080000000002,85.626980000000003,85.631079999999997,85.635080000000002,85.638980000000004,85.642980000000009,85.646979999999999,85.650980000000004,85.654980000000009,85.659080000000003,85.663179999999997,85.667280000000005,85.671379999999999,85.675480000000007,85.679580000000001,85.683679999999995,85.687880000000007,85.692080000000004,85.696179999999998,85.700280000000006,85.70438,85.708480000000009,85.712680000000006,85.71678,85.720880000000008,85.724980000000002,85.729079999999996,85.733280000000008,85.737380000000002,85.741579999999999,85.745779999999996,85.749980000000008,85.754180000000005,85.758480000000006,85.762680000000003,85.766980000000004,85.770980000000009,85.774979999999999,85.778980000000004,85.782880000000006,85.786780000000007,85.790779999999998,85.794579999999996,85.798380000000009,85.802180000000007,85.806080000000009,85.805880000000002,85.783180000000002,85.742180000000005,85.700479999999999,85.658180000000002,85.615780000000001,85.572980000000001,85.530079999999998,85.487080000000006,85.443880000000007,85.404780000000002,85.388080000000002,85.389679999999998,85.391980000000004,85.394680000000008,85.397680000000008,85.400779999999997,85.404080000000008,85.407480000000007,85.410980000000009,85.414479999999998,85.418080000000003,85.421680000000009,85.425280000000001,85.428880000000007,85.432479999999998,85.436180000000007,85.439880000000002,85.443380000000005,85.446979999999996,85.450680000000006,85.45438,85.458079999999995,85.461780000000005,85.465680000000006,85.469480000000004,85.473280000000003,85.477080000000001,85.480879999999999,85.484880000000004,85.488780000000006,85.492680000000007,85.496580000000009,85.500579999999999,85.504480000000001,85.508279999999999,85.512180000000001,85.516080000000002,85.520080000000007,85.523880000000005,85.527780000000007,85.531580000000005,85.535480000000007,85.539479999999998,85.543480000000002,85.547480000000007,85.551479999999998,85.555480000000003,85.559480000000008,85.563580000000002,85.567679999999996,85.571780000000004,85.575780000000009,85.579679999999996,85.583680000000001,85.587680000000006,85.591679999999997,85.595780000000005,85.599879999999999,85.603980000000007,85.607880000000009,85.612080000000006,85.616079999999997,85.620280000000008,85.624480000000005,85.628579999999999,85.632779999999997,85.636880000000005,85.640979999999999,85.644980000000004,85.649079999999998,85.653279999999995,85.657380000000003,85.661580000000001,85.665480000000002,85.669480000000007,85.673479999999998,85.677480000000003,85.68168,85.685680000000005,85.689779999999999,85.693780000000004,85.697879999999998,85.701980000000006,85.70608,85.710279999999997,85.714280000000002,85.718379999999996,85.722279999999998,85.726280000000003,85.730180000000004,85.734080000000006,85.737880000000004,85.741680000000002,85.745580000000004,85.749480000000005,85.753380000000007,85.757379999999998,85.761380000000003,85.765479999999997,85.769480000000001,85.773679999999999,85.777780000000007,85.781779999999998,85.785880000000006,85.78998,85.794080000000008,85.798180000000002,85.802080000000004,85.806280000000001,85.810280000000006,85.814480000000003,85.818579999999997,85.822780000000009,85.826980000000006,85.831180000000003,85.835580000000007,85.839780000000005,85.844180000000009,85.848380000000006,85.852580000000003,85.856780000000001,85.861080000000001,85.865179999999995,85.869380000000007,85.873480000000001,85.877480000000006,85.881680000000003,85.885680000000008,85.889780000000002,85.893879999999996,85.897980000000004,85.902180000000001,85.906379999999999,85.910579999999996,85.914680000000004,85.918980000000005,85.923180000000002,85.927379999999999,85.93168,85.935879999999997,85.939980000000006,85.94408,85.948180000000008,85.952280000000002,85.956479999999999,85.960380000000001,85.964579999999998,85.968680000000006,85.973079999999996,85.977180000000004,85.981480000000005,85.985680000000002,85.989980000000003,85.994280000000003,85.998580000000004,86.002980000000008,86.006979999999999,86.011179999999996,86.015280000000004,86.019480000000001,86.023480000000006,86.02758,86.031680000000009,86.035679999999999,86.039780000000007,86.043880000000001,86.047979999999995,86.052180000000007,86.056480000000008,86.060580000000002,86.064679999999996,86.068979999999996,86.073080000000004,86.077280000000002,86.081580000000002,86.085880000000003,86.09008,86.094279999999998,86.098380000000006,86.102580000000003,86.106780000000001,86.110979999999998,86.115279999999998,86.119380000000007,86.123580000000004,86.127679999999998,86.132080000000002,86.136279999999999,86.14058,86.144680000000008,86.148880000000005,86.153080000000003,86.157380000000003,86.161580000000001,86.165779999999998,86.169880000000006,86.174080000000004,86.178280000000001,86.182479999999998,86.186679999999996,86.190880000000007,86.195180000000008,86.199380000000005,86.203780000000009,86.208079999999995,86.212379999999996,86.216679999999997,86.220880000000008,86.225180000000009,86.229579999999999,86.233779999999996,86.238079999999997,86.242280000000008,86.246580000000009,86.250680000000003,86.254980000000003,86.259280000000004,86.263580000000005,86.267780000000002,86.271979999999999,86.27628,86.280479999999997,86.284880000000001,86.289079999999998,86.293379999999999,86.297480000000007,86.301780000000008,86.305880000000002,86.310079999999999,86.314180000000007,86.318380000000005,86.322580000000002,86.326779999999999,86.330979999999997,86.335180000000008,86.339380000000006,86.343580000000003,86.347880000000004,86.352080000000001,86.356380000000001,86.360579999999999,86.364879999999999,86.369079999999997,86.373480000000001,86.377780000000001,86.382080000000002,86.386380000000003,86.390780000000007,86.395080000000007,86.399479999999997,86.403779999999998,86.408180000000002,86.412480000000002,86.416880000000006,86.421180000000007,86.425480000000007,86.429780000000008,86.434179999999998,86.438479999999998,86.442679999999996,86.446979999999996,86.451180000000008,86.455579999999998,86.459680000000006,86.464079999999996,86.468280000000007,86.472580000000008,86.476880000000008,86.481279999999998,86.485680000000002,86.490179999999995,86.494579999999999,86.49888,86.503280000000004,86.507680000000008,86.511980000000008,86.516379999999998,86.520880000000005,86.525180000000006,86.529380000000003,86.533580000000001,86.537880000000001,86.542280000000005,86.546580000000006,86.550880000000006,86.555279999999996,86.559579999999997,86.563980000000001,86.568280000000001,86.572580000000002,86.576980000000006,86.581280000000007,86.585480000000004,86.589880000000008,86.594080000000005,86.598480000000009,86.602680000000007,86.607079999999996,86.611379999999997,86.615780000000001,86.620280000000008,86.624580000000009,86.628979999999999,86.633279999999999,86.637680000000003,86.641980000000004,86.646280000000004,86.650580000000005,86.654880000000006,86.659080000000003,86.66328,86.667380000000009,86.671580000000006,86.675780000000003,86.67998,86.684179999999998,86.688280000000006,86.692480000000003,86.696579999999997,86.700879999999998,86.705179999999999,86.709479999999999,86.713679999999997,86.717979999999997,86.722380000000001,86.726680000000002,86.730980000000002,86.735280000000003,86.739580000000004,86.743880000000004,86.748180000000005,86.752580000000009,86.756979999999999,86.761380000000003,86.76558,86.769980000000004,86.774280000000005,86.778779999999998,86.783180000000002,86.787580000000005,86.791979999999995,86.796279999999996,86.80068,86.805080000000004,86.809480000000008,86.813680000000005,86.818080000000009,86.822180000000003,86.826480000000004,86.830579999999998,86.834780000000009,86.838980000000006,86.843280000000007,86.847480000000004,86.851780000000005,86.856080000000006,86.860380000000006,86.864680000000007,86.869079999999997,86.873480000000001,86.877880000000005,86.882080000000002,86.886380000000003,86.890780000000007,86.895080000000007,86.899380000000008,86.903580000000005,86.907880000000006,86.912180000000006,86.916480000000007,86.920780000000008,86.925179999999997,86.929479999999998,86.933779999999999,86.938280000000006,86.942779999999999,86.947180000000003,86.951679999999996,86.955979999999997,86.960480000000004,86.964880000000008,86.969480000000004,86.973880000000008,86.978279999999998,86.982579999999999,86.986980000000003,86.991380000000007,86.995779999999996,87.00018,87.004480000000001,87.008880000000005,87.013180000000006,87.017480000000006,87.021879999999996,87.026179999999997,87.030479999999997,87.034779999999998,87.038980000000009,87.043379999999999,87.04768,87.051879999999997,87.056080000000009,87.060280000000006,87.064580000000007,87.068680000000001,87.072879999999998,87.077179999999998,87.081479999999999,87.085679999999996,87.090180000000004,87.094580000000008,87.099080000000001,87.103580000000008,87.108080000000001,87.112580000000008,87.117180000000005,87.121679999999998,87.126280000000008,87.130679999999998,87.135180000000005,87.139580000000009,87.144080000000002,87.148380000000003,87.152879999999996,87.157380000000003,87.161780000000007,87.16628,87.170680000000004,87.175280000000001,87.179780000000008,87.184280000000001,87.188680000000005,87.193179999999998,87.197479999999999,87.201880000000003,87.206180000000003,87.210480000000004,87.214780000000005,87.219080000000005,87.223280000000003,87.227580000000003,87.231780000000001,87.236180000000004,87.240480000000005,87.244780000000006,87.249279999999999,87.253680000000003,87.258179999999996,87.26258,87.266980000000004,87.271380000000008,87.275880000000001,87.280280000000005,87.284779999999998,87.289180000000002,87.293379999999999,87.29768,87.302080000000004,87.306380000000004,87.310780000000008,87.315080000000009,87.319379999999995,87.323679999999996,87.32808,87.332480000000004,87.336880000000008,87.341279999999998,87.345680000000002,87.350080000000005,87.354380000000006,87.358779999999996,87.36318,87.367580000000004,87.371980000000008,87.376280000000008,87.380580000000009,87.384879999999995,87.389279999999999,87.39358,87.397779999999997,87.402079999999998,87.406379999999999,87.410780000000003,87.415080000000003,87.419579999999996,87.424080000000004,87.428579999999997,87.432980000000001,87.437380000000005,87.441879999999998,87.446480000000008,87.450879999999998,87.455280000000002,87.459680000000006,87.463880000000003,87.468280000000007,87.472480000000004,87.476979999999998,87.481380000000001,87.485680000000002,87.490080000000006,87.494479999999996,87.498980000000003,87.503579999999999,87.507980000000003,87.512479999999996,87.51688,87.521380000000008,87.525980000000004,87.530380000000008,87.534779999999998,87.539180000000002,87.543680000000009,87.547979999999995,87.552480000000003,87.556780000000003,87.561279999999996,87.565579999999997,87.570080000000004,87.574380000000005,87.579080000000005,87.583480000000009,87.587980000000002,87.592380000000006,87.596879999999999,87.601380000000006,87.605879999999999,87.610380000000006,87.614680000000007,87.61918,87.623580000000004,87.62818,87.632480000000001,87.636880000000005,87.641379999999998,87.645880000000005,87.650180000000006,87.654480000000007,87.658879999999996,87.66328,87.667580000000001,87.671980000000005,87.676280000000006,87.680580000000006,87.684979999999996,87.689279999999997,87.693579999999997,87.697879999999998,87.702280000000002,87.706580000000002,87.71078,87.71508,87.719380000000001,87.723880000000008,87.728180000000009,87.732579999999999,87.736980000000003,87.741280000000003,87.745779999999996,87.75018,87.754580000000004,87.758880000000005,87.763379999999998,87.767880000000005,87.772280000000009,87.776780000000002,87.781279999999995,87.785780000000003,87.790279999999996,87.794880000000006,87.799379999999999,87.804079999999999,87.808480000000003,87.812979999999996,87.817480000000003,87.822180000000003,87.826779999999999,87.831180000000003,87.835679999999996,87.840180000000004,87.84478,87.849280000000007,87.85378,87.858280000000008,87.862780000000001,87.867180000000005,87.871580000000009,87.876080000000002,87.880480000000006,87.884879999999995,87.889279999999999,87.893680000000003,87.898179999999996,87.90258,87.907080000000008,87.911380000000008,87.915980000000005,87.920479999999998,87.925179999999997,87.929680000000005,87.934179999999998,87.938580000000002,87.943179999999998,87.947580000000002,87.951980000000006,87.956379999999996,87.960679999999996,87.964979999999997,87.969180000000009,87.973380000000006,87.977580000000003,87.981980000000007,87.986280000000008,87.990580000000008,87.994979999999998,87.999380000000002,88.003680000000003,88.008179999999996,88.01258,88.017080000000007,88.021479999999997,88.025779999999997,88.030079999999998,88.034379999999999,88.038480000000007,88.042680000000004,88.046779999999998,88.050780000000003,88.054879999999997,88.059280000000001,88.063580000000002,88.067880000000002,88.072180000000003,88.076580000000007,88.081180000000003,88.085679999999996,88.090280000000007,88.09478,88.099280000000007,88.103580000000008,88.107979999999998,88.112279999999998,88.116579999999999,88.12088,88.125079999999997,88.129280000000008,88.133580000000009,88.137879999999996,88.142380000000003,88.146780000000007,88.151179999999997,88.155680000000004,88.159980000000004,88.164580000000001,88.168980000000005,88.173380000000009,88.177679999999995,88.182079999999999,88.18638,88.190579999999997,88.194680000000005,88.198980000000006,88.203180000000003,88.207480000000004,88.211780000000005,88.216180000000008,88.220579999999998,88.224779999999996,88.229179999999999,88.23348,88.237880000000004,88.242180000000005,88.246679999999998,88.250979999999998,88.255279999999999,88.259479999999996,88.263779999999997,88.267980000000009,88.272280000000009,88.276579999999996,88.280879999999996,88.284980000000004,88.289180000000002,88.293379999999999,88.29768,88.30198,88.306380000000004,88.310680000000005,88.314980000000006,88.319180000000003,88.323679999999996,88.327979999999997,88.332380000000001,88.336579999999998,88.340779999999995,88.344980000000007,88.349080000000001,88.353380000000001,88.357479999999995,88.361580000000004,88.365580000000008,88.369579999999999,88.373680000000007,88.377980000000008,88.382180000000005,88.386380000000003,88.39058,88.394880000000001,88.399180000000001,88.403580000000005,88.408079999999998,88.412480000000002,88.416780000000003,88.42098,88.425280000000001,88.429580000000001,88.433880000000002,88.438180000000003,88.442480000000003,88.446780000000004,88.450980000000001,88.455280000000002,88.459780000000009,88.464280000000002,88.468779999999995,88.473079999999996,88.47748,88.481880000000004,88.486280000000008,88.490580000000008,88.494880000000009,88.499179999999996,88.503380000000007,88.507580000000004,88.511780000000002,88.515979999999999,88.52028,88.524479999999997,88.528580000000005,88.532780000000002,88.537080000000003,88.541380000000004,88.545680000000004,88.549980000000005,88.554180000000002,88.558580000000006,88.562880000000007,88.567279999999997,88.571680000000001,88.575980000000001,88.580280000000002,88.584580000000003,88.58878,88.59308,88.597279999999998,88.601480000000009,88.605779999999996,88.609880000000004,88.614080000000001,88.618279999999999,88.622380000000007,88.626680000000007,88.630880000000005,88.635080000000002,88.639279999999999,88.643380000000008,88.647680000000008,88.651980000000009,88.656279999999995,88.660480000000007,88.664780000000007,88.668980000000005,88.673079999999999,88.677379999999999,88.681579999999997,88.685879999999997,88.689980000000006,88.69408,88.698279999999997,88.702579999999998,88.706680000000006,88.710980000000006,88.715180000000004,88.719380000000001,88.723579999999998,88.727879999999999,88.732079999999996,88.736379999999997,88.740580000000008,88.744680000000002,88.748779999999996,88.752980000000008,88.757180000000005,88.761380000000003,88.765479999999997,88.769680000000008,88.773880000000005,88.777979999999999,88.78228,88.786380000000008,88.790680000000009,88.794880000000006,88.799080000000004,88.803280000000001,88.807580000000002,88.811880000000002,88.816079999999999,88.820279999999997,88.824480000000008,88.828780000000009,88.833079999999995,88.837280000000007,88.841580000000008,88.845680000000002,88.849680000000006,88.853880000000004,88.857979999999998,88.862180000000009,88.866479999999996,88.870680000000007,88.874780000000001,88.878879999999995,88.882980000000003,88.887380000000007,88.891580000000005,88.895880000000005,88.900080000000003,88.904179999999997,88.908079999999998,88.912279999999996,88.916480000000007,88.920580000000001,88.924779999999998,88.928780000000003,88.932780000000008,88.936779999999999,88.940979999999996,88.945080000000004,88.949280000000002,88.953379999999996,88.957480000000004,88.961680000000001,88.965779999999995,88.970079999999996,88.974280000000007,88.978380000000001,88.982579999999999,88.986580000000004,88.990679999999998,88.994680000000002,88.998680000000007,89.002679999999998,89.006780000000006,89.010779999999997,89.014679999999998,89.018780000000007,89.022980000000004,89.027079999999998,89.031279999999995,89.035480000000007,89.039680000000004,89.043880000000001,89.048079999999999,89.052279999999996,89.056480000000008,89.060580000000002,89.064480000000003,89.068480000000008,89.072479999999999,89.07638,89.080179999999999,89.08408,89.087980000000002,89.091980000000007,89.095979999999997,89.099980000000002,89.104079999999996,89.108180000000004,89.112380000000002,89.116479999999996,89.120779999999996,89.124880000000005,89.129180000000005,89.133279999999999,89.13758,89.141680000000008,89.145880000000005,89.149879999999996,89.154080000000008,89.158079999999998,89.162279999999996,89.166380000000004,89.170280000000005,89.174379999999999,89.178579999999997,89.182879999999997,89.187080000000009,89.191379999999995,89.195580000000007,89.199780000000004,89.203879999999998,89.208179999999999,89.212479999999999,89.216580000000008,89.220579999999998,89.224580000000003,89.228480000000005,89.232579999999999,89.236580000000004,89.240679999999998,89.244780000000006,89.24888,89.252880000000005,89.257080000000002,89.261279999999999,89.265479999999997,89.269779999999997,89.273880000000005,89.278080000000003,89.28228,89.286479999999997,89.290580000000006,89.294780000000003,89.298780000000008,89.302880000000002,89.306880000000007,89.310980000000001,89.315080000000009,89.319280000000006,89.323279999999997,89.327380000000005,89.331280000000007,89.335279999999997,89.339280000000002,89.34348,89.347580000000008,89.351680000000002,89.355779999999996,89.359780000000001,89.363880000000009,89.368080000000006,89.372479999999996,89.376680000000007,89.380780000000001,89.384879999999995,89.389080000000007,89.393180000000001,89.397280000000009,89.40128,89.40558,89.409580000000005,89.413579999999996,89.417680000000004,89.421880000000002,89.426180000000002,89.430279999999996,89.434380000000004,89.438580000000002,89.442779999999999,89.446979999999996,89.451180000000008,89.455380000000005,89.459580000000003,89.463679999999997,89.467680000000001,89.471779999999995,89.475880000000004,89.479880000000009,89.484080000000006,89.488079999999997,89.492180000000005,89.496279999999999,89.500579999999999,89.50488,89.509280000000004,89.513580000000005,89.517679999999999,89.521979999999999,89.52628,89.53058,89.534779999999998,89.538980000000009,89.54298,89.547179999999997,89.551180000000002,89.55538,89.559480000000008,89.563780000000008,89.567779999999999,89.571979999999996,89.576080000000005,89.580280000000002,89.584479999999999,89.588679999999997,89.592780000000005,89.596980000000002,89.601179999999999,89.605180000000004,89.609279999999998,89.613380000000006,89.61748,89.621480000000005,89.625680000000003,89.629779999999997,89.633880000000005,89.637979999999999,89.642080000000007,89.646280000000004,89.650480000000002,89.654579999999996,89.658879999999996,89.663179999999997,89.667479999999998,89.671680000000009,89.675979999999996,89.680180000000007,89.684380000000004,89.688680000000005,89.692880000000002,89.697180000000003,89.701180000000008,89.705380000000005,89.709580000000003,89.71378,89.717880000000008,89.722080000000005,89.726280000000003,89.73048,89.734679999999997,89.738880000000009,89.743080000000006,89.747280000000003,89.751379999999997,89.755480000000006,89.75958,89.763680000000008,89.767880000000005,89.771979999999999,89.776080000000007,89.780180000000001,89.784279999999995,89.788480000000007,89.792580000000001,89.796680000000009,89.800880000000006,89.804879999999997,89.808980000000005,89.812979999999996,89.816980000000001,89.820980000000006,89.824979999999996,89.828980000000001,89.833079999999995,89.83708,89.841180000000008,89.845280000000002,89.849379999999996,89.853580000000008,89.857780000000005,89.861980000000003,89.865980000000008,89.870280000000008,89.874380000000002,89.878579999999999,89.882779999999997,89.886880000000005,89.890979999999999,89.895080000000007,89.899180000000001,89.903379999999999,89.907579999999996,89.911680000000004,89.915779999999998,89.920079999999999,89.924180000000007,89.928380000000004,89.932479999999998,89.936779999999999,89.940979999999996,89.945180000000008,89.949380000000005,89.953580000000002,89.95778,89.961780000000005,89.965980000000002,89.970079999999996,89.974280000000007,89.978279999999998,89.982479999999995,89.98648,89.990679999999998,89.994780000000006,89.99888,90.003079999999997,90.007379999999998,90.011679999999998,90.015879999999996,90.020080000000007,90.024280000000005,90.028480000000002,90.032579999999996,90.036879999999996,90.041080000000008,90.045280000000005,90.049480000000003,90.053480000000008,90.057580000000002,90.061779999999999,90.066079999999999,90.070180000000008,90.074280000000002,90.078479999999999,90.082679999999996,90.086880000000008,90.091080000000005,90.095380000000006,90.099580000000003,90.103679999999997,90.107880000000009,90.112080000000006,90.116280000000003,90.120280000000008,90.124380000000002,90.128479999999996,90.132580000000004,90.136580000000009,90.140680000000003,90.144779999999997,90.148980000000009,90.153080000000003,90.157179999999997,90.161380000000008,90.165680000000009,90.169979999999995,90.174379999999999,90.178579999999997,90.182780000000008,90.186980000000005,90.191079999999999,90.19538,90.199480000000008,90.203680000000006,90.20778,90.211780000000005,90.215779999999995,90.219880000000003,90.223979999999997,90.228279999999998,90.232479999999995,90.236779999999996,90.240980000000008,90.245379999999997,90.249580000000009,90.253879999999995,90.258179999999996,90.262380000000007,90.266680000000008,90.270880000000005,90.275080000000003,90.279179999999997,90.283280000000005,90.287379999999999,90.291679999999999,90.295780000000008,90.299980000000005,90.304180000000002,90.30838,90.31268,90.317080000000004,90.321280000000002,90.325680000000006,90.329980000000006,90.334479999999999,90.33878,90.343180000000004,90.347380000000001,90.351680000000002,90.355879999999999,90.36018,90.364379999999997,90.368580000000009,90.372780000000006,90.376980000000003,90.381180000000001,90.385379999999998,90.389780000000002,90.393979999999999,90.39828,90.402380000000008,90.406779999999998,90.410980000000009,90.415379999999999,90.419579999999996,90.423879999999997,90.427980000000005,90.432180000000002,90.43638,90.44068,90.444879999999998,90.448980000000006,90.453180000000003,90.457279999999997,90.461480000000009,90.465779999999995,90.469980000000007,90.474080000000001,90.478279999999998,90.482479999999995,90.486580000000004,90.490780000000001,90.494979999999998,90.499179999999996,90.503380000000007,90.507480000000001,90.511679999999998,90.515780000000007,90.519980000000004,90.524079999999998,90.528180000000006,90.532380000000003,90.536380000000008,90.540480000000002,90.54468,90.54898,90.553080000000008,90.557280000000006,90.561279999999996,90.565380000000005,90.569680000000005,90.573980000000006,90.57808,90.582279999999997,90.586380000000005,90.590479999999999,90.594580000000008,90.598780000000005,90.602980000000002,90.607079999999996,90.611080000000001,90.615179999999995,90.61918,90.623180000000005,90.627380000000002,90.631380000000007,90.635580000000004,90.639580000000009,90.643680000000003,90.647779999999997,90.651880000000006,90.656080000000003,90.660380000000004,90.664479999999998,90.668580000000006,90.67268,90.67698,90.680980000000005,90.685280000000006,90.689480000000003,90.693680000000001,90.697780000000009,90.701880000000003,90.706180000000003,90.710279999999997,90.714579999999998,90.718580000000003,90.72278,90.726780000000005,90.731080000000006,90.73518,90.73948,90.743580000000009,90.747680000000003,90.75188,90.756079999999997,90.760180000000005,90.764380000000003,90.76858,90.772680000000008,90.776880000000006,90.781080000000003,90.785380000000004,90.789580000000001,90.793680000000009,90.797979999999995,90.802279999999996,90.806480000000008,90.810680000000005,90.814980000000006,90.819180000000003,90.82338,90.827579999999998,90.831780000000009,90.835980000000006,90.839979999999997,90.844180000000009,90.848179999999999,90.852379999999997,90.856380000000001,90.860479999999995,90.86448,90.868679999999998,90.872880000000009,90.877080000000007,90.881280000000004,90.885280000000009,90.889580000000009,90.893780000000007,90.898080000000007,90.902280000000005,90.906379999999999,90.910579999999996,90.914680000000004,90.918880000000001,90.923180000000002,90.927379999999999,90.931480000000008,90.935580000000002,90.939779999999999,90.943979999999996,90.94838,90.952579999999998,90.956780000000009,90.961079999999995,90.965280000000007,90.969679999999997,90.973979999999997,90.978380000000001,90.982579999999999,90.986879999999999,90.991079999999997,90.995379999999997,90.999580000000009,91.003879999999995,91.007980000000003,91.012280000000004,91.016280000000009,91.020480000000006,91.02458,91.028779999999998,91.033079999999998,91.037180000000006,91.041480000000007,91.045580000000001,91.049779999999998,91.054180000000002,91.058480000000003,91.062780000000004,91.066980000000001,91.071080000000009,91.075280000000006,91.079480000000004,91.083780000000004,91.087980000000002,91.092179999999999,91.096080000000001,91.100279999999998,91.104280000000003,91.108580000000003,91.112679999999997,91.116880000000009,91.12088,91.125079999999997,91.129180000000005,91.133480000000006,91.137780000000006,91.14188,91.146079999999998,91.150180000000006,91.154579999999996,91.158680000000004,91.162880000000001,91.167079999999999,91.171379999999999,91.175380000000004,91.179580000000001,91.183679999999995,91.187979999999996,91.191980000000001,91.196179999999998,91.200280000000006,91.20438,91.208480000000009,91.212479999999999,91.216679999999997,91.220880000000008,91.224879999999999,91.228980000000007,91.233080000000001,91.237180000000009,91.241280000000003,91.245379999999997,91.249580000000009,91.253579999999999,91.257580000000004,91.261480000000006,91.26558,91.269680000000008,91.273880000000005,91.277879999999996,91.281980000000004,91.286079999999998,91.290180000000007,91.294380000000004,91.298680000000004,91.302880000000002,91.306979999999996,91.311080000000004,91.315179999999998,91.319280000000006,91.323279999999997,91.327380000000005,91.331479999999999,91.335580000000007,91.339680000000001,91.343680000000006,91.347880000000004,91.352080000000001,91.356180000000009,91.360280000000003,91.364379999999997,91.368580000000009,91.372680000000003,91.377080000000007,91.381280000000004,91.385480000000001,91.389679999999998,91.393780000000007,91.398080000000007,91.402180000000001,91.406379999999999,91.410579999999996,91.414780000000007,91.418779999999998,91.422979999999995,91.42698,91.431280000000001,91.435479999999998,91.439580000000007,91.443780000000004,91.448080000000004,91.452280000000002,91.456580000000002,91.46078,91.464880000000008,91.469180000000009,91.473380000000006,91.477680000000007,91.481780000000001,91.485880000000009,91.490080000000006,91.494280000000003,91.498379999999997,91.502480000000006,91.50658,91.510779999999997,91.514880000000005,91.519080000000002,91.523179999999996,91.527380000000008,91.531480000000002,91.535679999999999,91.539879999999997,91.544080000000008,91.548380000000009,91.552580000000006,91.556780000000003,91.561080000000004,91.565280000000001,91.569479999999999,91.573679999999996,91.577780000000004,91.581879999999998,91.585980000000006,91.590180000000004,91.594380000000001,91.598380000000006,91.602580000000003,91.606679999999997,91.610880000000009,91.615279999999998,91.619579999999999,91.62388,91.62818,91.632480000000001,91.636880000000005,91.641080000000002,91.645380000000003,91.64958,91.653880000000001,91.657980000000009,91.662279999999996,91.666480000000007,91.670580000000001,91.674880000000002,91.678979999999996,91.683279999999996,91.687579999999997,91.691879999999998,91.696179999999998,91.700479999999999,91.70478,91.708880000000008,91.713180000000008,91.717280000000002,91.72148,91.725679999999997,91.729780000000005,91.733980000000003,91.738079999999997,91.742080000000001,91.746380000000002,91.750680000000003,91.755080000000007,91.759380000000007,91.763580000000005,91.767880000000005,91.772280000000009,91.776780000000002,91.781180000000006,91.785480000000007,91.789780000000007,91.794080000000008,91.798380000000009,91.802679999999995,91.807079999999999,91.81138,91.81568,91.819780000000009,91.824080000000009,91.828379999999996,91.83278,91.83708,91.841580000000008,91.845780000000005,91.850180000000009,91.854680000000002,91.859080000000006,91.863479999999996,91.867680000000007,91.871980000000008,91.876280000000008,91.880480000000006,91.884780000000006,91.888779999999997,91.892880000000005,91.896979999999999,91.900980000000004,91.905079999999998,91.909080000000003,91.91328,91.917380000000009,91.921580000000006,91.925579999999997,91.929680000000005,91.933779999999999,91.937979999999996,91.942279999999997,91.946380000000005,91.950479999999999,91.954580000000007,91.958480000000009,91.962680000000006,91.96678,91.970880000000008,91.974879999999999,91.978880000000004,91.982880000000009,91.986980000000003,91.99118,91.995379999999997,91.999580000000009,92.003680000000003,92.00788,92.012079999999997,92.016379999999998,92.020679999999999,92.024979999999999,92.029179999999997,92.033479999999997,92.037680000000009,92.041979999999995,92.046180000000007,92.050480000000007,92.054680000000005,92.058779999999999,92.062880000000007,92.067080000000004,92.071280000000002,92.075280000000006,92.079480000000004,92.083480000000009,92.087580000000003,92.091480000000004,92.095680000000002,92.099779999999996,92.104079999999996,92.108180000000004,92.112380000000002,92.116579999999999,92.120779999999996,92.125079999999997,92.129379999999998,92.133480000000006,92.137479999999996,92.141480000000001,92.145679999999999,92.149680000000004,92.153779999999998,92.157880000000006,92.161780000000007,92.165779999999998,92.169780000000003,92.17398,92.178179999999998,92.182479999999998,92.186580000000006,92.190780000000004,92.195080000000004,92.199280000000002,92.203479999999999,92.207679999999996,92.211880000000008,92.216080000000005,92.219980000000007,92.224080000000001,92.228080000000006,92.232280000000003,92.236379999999997,92.240580000000008,92.244780000000006,92.248779999999996,92.252880000000005,92.257180000000005,92.261580000000009,92.265780000000007,92.270080000000007,92.274280000000005,92.278580000000005,92.282780000000002,92.28698,92.29128,92.295479999999998,92.299480000000003,92.30368,92.307780000000008,92.311980000000005,92.316180000000003,92.320180000000008,92.324179999999998,92.328379999999996,92.332580000000007,92.336780000000005,92.341279999999998,92.345480000000009,92.349779999999996,92.354079999999996,92.358379999999997,92.362580000000008,92.366880000000009,92.371080000000006,92.37518,92.379280000000008,92.383279999999999,92.387280000000004,92.391379999999998,92.39528,92.399380000000008,92.403480000000002,92.407579999999996,92.411580000000001,92.415580000000006,92.419979999999995,92.424180000000007,92.428480000000008,92.432580000000002,92.436679999999996,92.440780000000004,92.445080000000004,92.449179999999998,92.453280000000007,92.457279999999997,92.461179999999999,92.46508,92.469180000000009,92.473179999999999,92.477280000000007,92.481380000000001,92.485280000000003,92.48948,92.493580000000009,92.497880000000009,92.502279999999999,92.50658,92.51088,92.515180000000001,92.519480000000001,92.523679999999999,92.527879999999996,92.531980000000004,92.536079999999998,92.540180000000007,92.543980000000005,92.547880000000006,92.551780000000008,92.555880000000002,92.559979999999996,92.564080000000004,92.568280000000001,92.572680000000005,92.577280000000002,92.581780000000009,92.586380000000005,92.590879999999999,92.595280000000002,92.599580000000003,92.60378,92.607880000000009,92.611980000000003,92.616079999999997,92.619979999999998,92.62388,92.627880000000005,92.631879999999995,92.636179999999996,92.640380000000007,92.644779999999997,92.649180000000001,92.653680000000008,92.658280000000005,92.662880000000001,92.667380000000009,92.671680000000009,92.676180000000002,92.68038,92.684579999999997,92.688680000000005,92.692779999999999,92.696780000000004,92.700879999999998,92.70478,92.708979999999997,92.713279999999997,92.717579999999998,92.721879999999999,92.726280000000003,92.730779999999996,92.735579999999999,92.740380000000002,92.744979999999998,92.749580000000009,92.753979999999999,92.758480000000006,92.762780000000006,92.766980000000004,92.771180000000001,92.775280000000009,92.779080000000008,92.782780000000002,92.786580000000001,92.790480000000002,92.794380000000004,92.798580000000001,92.802779999999998,92.807079999999999,92.81138,92.815979999999996,92.820480000000003,92.825180000000003,92.829480000000004,92.833880000000008,92.838180000000008,92.842380000000006,92.846379999999996,92.850279999999998,92.854380000000006,92.858080000000001,92.861879999999999,92.865679999999998,92.869780000000006,92.87388,92.878079999999997,92.882379999999998,92.886780000000002,92.891280000000009,92.895780000000002,92.900379999999998,92.904980000000009,92.909279999999995,92.913679999999999,92.917879999999997,92.921980000000005,92.926079999999999,92.92998,92.933880000000002,92.937780000000004,92.941580000000002,92.94538,92.949380000000005,92.953379999999996,92.957580000000007,92.961780000000005,92.966080000000005,92.970480000000009,92.974879999999999,92.979280000000003,92.983879999999999,92.98818,92.99248,92.996780000000001,93.000880000000009,93.004980000000003,93.008980000000008,93.013080000000002,93.01688,93.020880000000005,93.024780000000007,93.028980000000004,93.033079999999998,93.037379999999999,93.041679999999999,93.046080000000003,93.050480000000007,93.055080000000004,93.059579999999997,93.064080000000004,93.068280000000001,93.072479999999999,93.076679999999996,93.080880000000008,93.084879999999998,93.088880000000003,93.092780000000005,93.096680000000006,93.100480000000005,93.104380000000006,93.108379999999997,93.112480000000005,93.116680000000002,93.120779999999996,93.12518,93.129379999999998,93.133679999999998,93.137879999999996,93.14228,93.146479999999997,93.150680000000008,93.154679999999999,93.158680000000004,93.162580000000005,93.166679999999999,93.170580000000001,93.174480000000003,93.178380000000004,93.182079999999999,93.185879999999997,93.189880000000002,93.193979999999996,93.198080000000004,93.202280000000002,93.206479999999999,93.210679999999996,93.214979999999997,93.219279999999998,93.223680000000002,93.227980000000002,93.23218,93.236379999999997,93.240480000000005,93.244680000000002,93.248680000000007,93.252880000000005,93.256979999999999,93.261080000000007,93.265180000000001,93.269280000000009,93.273679999999999,93.277979999999999,93.282579999999996,93.28698,93.291380000000004,93.295780000000008,93.300280000000001,93.304680000000005,93.309080000000009,93.313479999999998,93.317679999999996,93.321780000000004,93.325780000000009,93.32978,93.333979999999997,93.338080000000005,93.342079999999996,93.346280000000007,93.350580000000008,93.354979999999998,93.359380000000002,93.363880000000009,93.368179999999995,93.372680000000003,93.377179999999996,93.38158,93.385980000000004,93.390380000000007,93.394480000000001,93.398780000000002,93.403080000000003,93.40728,93.411580000000001,93.415880000000001,93.419979999999995,93.424279999999996,93.428579999999997,93.432879999999997,93.437179999999998,93.441479999999999,93.445880000000002,93.45008,93.454480000000004,93.458780000000004,93.463180000000008,93.467380000000006,93.471680000000006,93.475880000000004,93.480180000000004,93.484380000000002,93.488380000000006,93.492580000000004,93.496780000000001,93.500979999999998,93.505080000000007,93.509280000000004,93.513480000000001,93.517880000000005,93.522080000000003,93.526480000000006,93.530879999999996,93.53528,93.539680000000004,93.544080000000008,93.548479999999998,93.552779999999998,93.556979999999996,93.561279999999996,93.565480000000008,93.569780000000009,93.573880000000003,93.57808,93.582080000000005,93.586380000000005,93.590580000000003,93.594980000000007,93.59948,93.603679999999997,93.607979999999998,93.612279999999998,93.616680000000002,93.620980000000003,93.625380000000007,93.629580000000004,93.633880000000005,93.637879999999996,93.642080000000007,93.646079999999998,93.650180000000006,93.654179999999997,93.658280000000005,93.662379999999999,93.666480000000007,93.670680000000004,93.674880000000002,93.679180000000002,93.683480000000003,93.687880000000007,93.692279999999997,93.696780000000004,93.701180000000008,93.705480000000009,93.709879999999998,93.714280000000002,93.718580000000003,93.722880000000004,93.726979999999998,93.731180000000009,93.735380000000006,93.739580000000004,93.743780000000001,93.747880000000009,93.752080000000007,93.756280000000004,93.760480000000001,93.764679999999998,93.768879999999996,93.772980000000004,93.777180000000001,93.781279999999995,93.785480000000007,93.789580000000001,93.793680000000009,93.79768,93.801680000000005,93.805580000000006,93.809579999999997,93.813479999999998,93.817480000000003,93.821480000000008,93.825479999999999,93.829480000000004,93.833680000000001,93.837980000000002,93.842380000000006,93.846779999999995,93.851280000000003,93.855580000000003,93.859880000000004,93.864180000000005,93.868480000000005,93.872579999999999,93.876680000000007,93.880780000000001,93.884780000000006,93.88888,93.892880000000005,93.897080000000003,93.901179999999997,93.905479999999997,93.909680000000009,93.913980000000009,93.918379999999999,93.92268,93.927080000000004,93.931280000000001,93.935580000000002,93.939880000000002,93.944180000000003,93.948480000000004,93.952680000000001,93.956780000000009,93.961079999999995,93.965280000000007,93.969480000000004,93.973680000000002,93.978080000000006,93.982380000000006,93.986779999999996,93.991079999999997,93.995580000000004,94.000079999999997,94.004580000000004,94.008980000000008,94.013379999999998,94.017780000000002,94.022280000000009,94.026579999999996,94.030879999999996,94.035080000000008,94.039280000000005,94.043680000000009,94.047979999999995,94.052180000000007,94.056380000000004,94.060780000000008,94.064980000000006,94.069379999999995,94.073679999999996,94.077979999999997,94.082380000000001,94.086780000000005,94.090980000000002,94.095280000000002,94.099580000000003,94.103980000000007,94.108379999999997,94.112580000000008,94.116880000000009,94.121179999999995,94.125479999999996,94.129779999999997,94.134180000000001,94.138480000000001,94.142780000000002,94.146879999999996,94.151179999999997,94.15558,94.160080000000008,94.164479999999998,94.168880000000001,94.173079999999999,94.177480000000003,94.181880000000007,94.186480000000003,94.190880000000007,94.195080000000004,94.199280000000002,94.203680000000006,94.207880000000003,94.212180000000004,94.216380000000001,94.220579999999998,94.224779999999996,94.228980000000007,94.233280000000008,94.237480000000005,94.241780000000006,94.246080000000006,94.250380000000007,94.254680000000008,94.258980000000008,94.263280000000009,94.267579999999995,94.271879999999996,94.276179999999997,94.28058,94.284779999999998,94.289079999999998,94.293180000000007,94.297480000000007,94.301780000000008,94.306080000000009,94.310380000000009,94.314679999999996,94.318979999999996,94.323279999999997,94.327680000000001,94.331980000000001,94.336280000000002,94.340680000000006,94.345079999999996,94.34948,94.353679999999997,94.357979999999998,94.362180000000009,94.366380000000007,94.370680000000007,94.374880000000005,94.379180000000005,94.383279999999999,94.387479999999996,94.391580000000005,94.395980000000009,94.400280000000009,94.404579999999996,94.408780000000007,94.413080000000008,94.417280000000005,94.421580000000006,94.425880000000006,94.430080000000004,94.434380000000004,94.438479999999998,94.442679999999996,94.446880000000007,94.450980000000001,94.454980000000006,94.458979999999997,94.462980000000002,94.466880000000003,94.470780000000005,94.474680000000006,94.478480000000005,94.482380000000006,94.486180000000004,94.490179999999995,94.494079999999997,94.497979999999998,94.501980000000003,94.506180000000001,94.510280000000009,94.514380000000003,94.518479999999997,94.522480000000002,94.526480000000006,94.53058,94.534580000000005,94.538679999999999,94.542680000000004,94.546480000000003,94.550480000000007,94.554580000000001,94.558779999999999,94.562979999999996,94.567180000000008,94.571380000000005,94.575680000000006,94.579980000000006,94.584280000000007,94.588580000000007,94.592880000000008,94.596980000000002,94.601079999999996,94.605080000000001,94.609180000000009,94.613079999999997,94.616979999999998,94.621080000000006,94.625079999999997,94.629080000000002,94.633179999999996,94.637380000000007,94.641480000000001,94.645780000000002,94.649979999999999,94.65428,94.658479999999997,94.662779999999998,94.666979999999995,94.671379999999999,94.675480000000007,94.679680000000005,94.683679999999995,94.687780000000004,94.691879999999998,94.695980000000006,94.70008,94.704180000000008,94.708079999999995,94.712180000000004,94.716279999999998,94.720480000000009,94.724779999999996,94.728980000000007,94.733280000000008,94.737480000000005,94.741880000000009,94.746179999999995,94.750579999999999,94.754779999999997,94.758980000000008,94.763180000000006,94.767380000000003,94.771479999999997,94.775480000000002,94.779579999999996,94.783479999999997,94.787279999999996,94.791080000000008,94.794880000000006,94.798680000000004,94.802580000000006,94.806380000000004,94.810180000000003,94.813980000000001,94.817880000000002,94.821780000000004,94.825879999999998,94.829980000000006,94.83408,94.838080000000005,94.842079999999996,94.846080000000001,94.850279999999998,94.854380000000006,94.858379999999997,94.862480000000005,94.866479999999996,94.870379999999997,94.874480000000005,94.878380000000007,94.882480000000001,94.886480000000006,94.890479999999997,94.894580000000005,94.898579999999995,94.902780000000007,94.906880000000001,94.911079999999998,94.915080000000003,94.919380000000004,94.923580000000001,94.927679999999995,94.931780000000003,94.935879999999997,94.939980000000006,94.94408,94.948080000000004,94.952280000000002,94.956280000000007,94.960480000000004,94.964680000000001,94.968779999999995,94.972980000000007,94.977180000000004,94.981480000000005,94.985780000000005,94.990179999999995,94.994380000000007,94.998480000000001,95.002679999999998,95.006879999999995,95.011080000000007,95.015180000000001,95.019280000000009,95.023380000000003,95.027380000000008,95.031279999999995,95.035380000000004,95.039479999999998,95.043580000000006,95.047579999999996,95.051780000000008,95.055880000000002,95.060079999999999,95.064279999999997,95.068579999999997,95.072780000000009,95.077080000000009,95.081180000000003,95.085380000000001,95.089579999999998,95.093779999999995,95.097880000000004,95.101880000000008,95.105879999999999,95.109880000000004,95.113880000000009,95.117980000000003,95.122079999999997,95.126280000000008,95.130380000000002,95.134479999999996,95.138480000000001,95.142579999999995,95.146780000000007,95.150880000000001,95.154980000000009,95.15898,95.163080000000008,95.166979999999995,95.171080000000003,95.175080000000008,95.179180000000002,95.183180000000007,95.187080000000009,95.191079999999999,95.195080000000004,95.199179999999998,95.203280000000007,95.207380000000001,95.211380000000005,95.215479999999999,95.219679999999997,95.223880000000008,95.228180000000009,95.232479999999995,95.236580000000004,95.240880000000004,95.244979999999998,95.249080000000006,95.25318,95.257379999999998,95.261380000000003,95.265479999999997,95.269480000000001,95.273480000000006,95.27758,95.281779999999998,95.285880000000006,95.290080000000003,95.294280000000001,95.298380000000009,95.302480000000003,95.30668,95.310879999999997,95.314980000000006,95.319180000000003,95.323080000000004,95.327179999999998,95.331180000000003,95.335279999999997,95.339179999999999,95.343280000000007,95.347180000000009,95.351179999999999,95.355080000000001,95.359180000000009,95.363280000000003,95.367379999999997,95.371480000000005,95.375680000000003,95.37988,95.383980000000008,95.388280000000009,95.392679999999999,95.396780000000007,95.400980000000004,95.405180000000001,95.409279999999995,95.41328,95.417479999999998,95.421580000000006,95.425579999999997,95.429580000000001,95.433580000000006,95.43768,95.441879999999998,95.446080000000009,95.450379999999996,95.454480000000004,95.458480000000009,95.462680000000006,95.466880000000003,95.471180000000004,95.475480000000005,95.479579999999999,95.483779999999996,95.487880000000004,95.492080000000001,95.496179999999995,95.500280000000004,95.504379999999998,95.508480000000006,95.512479999999996,95.516480000000001,95.520480000000006,95.524479999999997,95.528480000000002,95.532579999999996,95.536780000000007,95.540980000000005,95.545079999999999,95.549279999999996,95.553480000000008,95.557680000000005,95.561779999999999,95.566079999999999,95.570080000000004,95.574280000000002,95.578379999999996,95.582480000000004,95.586579999999998,95.590479999999999,95.594580000000008,95.598579999999998,95.602779999999996,95.606880000000004,95.610979999999998,95.614980000000003,95.618980000000008,95.623080000000002,95.627279999999999,95.631479999999996,95.635580000000004,95.639580000000009,95.643680000000003,95.647880000000001,95.651880000000006,95.656080000000003,95.660179999999997,95.664380000000008,95.668379999999999,95.67268,95.676780000000008,95.680980000000005,95.685180000000003,95.689279999999997,95.693480000000008,95.697680000000005,95.701880000000003,95.70608,95.710180000000008,95.714380000000006,95.718580000000003,95.72278,95.726880000000008,95.731080000000006,95.735280000000003,95.73948,95.743679999999998,95.747780000000006,95.751779999999997,95.755780000000001,95.759879999999995,95.76388,95.768079999999998,95.772180000000006,95.776179999999997,95.780280000000005,95.784279999999995,95.788380000000004,95.792780000000008,95.796980000000005,95.801079999999999,95.80538,95.809480000000008,95.813780000000008,95.818080000000009,95.822379999999995,95.826679999999996,95.830979999999997,95.835080000000005,95.839280000000002,95.84348,95.847880000000004,95.852080000000001,95.856380000000001,95.860479999999995,95.864779999999996,95.868980000000008,95.873280000000008,95.877580000000009,95.881879999999995,95.886279999999999,95.890479999999997,95.894680000000008,95.898780000000002,95.902979999999999,95.906980000000004,95.911079999999998,95.915080000000003,95.919179999999997,95.923180000000002,95.927180000000007,95.931179999999998,95.935180000000003,95.939180000000007,95.943280000000001,95.947379999999995,95.951580000000007,95.955780000000004,95.959780000000009,95.963980000000006,95.967979999999997,95.972080000000005,95.976280000000003,95.980280000000008,95.984380000000002,95.988380000000006,95.992379999999997,95.996380000000002,96.000380000000007,96.004379999999998,96.008480000000006,96.012680000000003,96.016680000000008,96.020880000000005,96.025080000000003,96.029380000000003,96.033680000000004,96.037980000000005,96.042180000000002,96.046480000000003,96.05068,96.054780000000008,96.059080000000009,96.063280000000006,96.067480000000003,96.071579999999997,96.075780000000009,96.079880000000003,96.084180000000003,96.088380000000001,96.092680000000001,96.096879999999999,96.101179999999999,96.105280000000008,96.109580000000008,96.113680000000002,96.11788,96.122079999999997,96.126080000000002,96.130279999999999,96.134380000000007,96.138480000000001,96.142480000000006,96.14658,96.150680000000008,96.154780000000002,96.158780000000007,96.163080000000008,96.167180000000002,96.171279999999996,96.175280000000001,96.179479999999998,96.183679999999995,96.187979999999996,96.192279999999997,96.196579999999997,96.200680000000006,96.204980000000006,96.209280000000007,96.213580000000007,96.217780000000005,96.222080000000005,96.226280000000003,96.230379999999997,96.234580000000008,96.238680000000002,96.242980000000003,96.24718,96.251580000000004,96.255580000000009,96.259780000000006,96.263779999999997,96.268079999999998,96.272280000000009,96.276480000000006,96.280680000000004,96.284779999999998,96.288880000000006,96.29298,96.297179999999997,96.301380000000009,96.305580000000006,96.309579999999997,96.313680000000005,96.317880000000002,96.32208,96.326279999999997,96.330480000000009,96.334680000000006,96.338880000000003,96.34308,96.347380000000001,96.351680000000002,96.355980000000002,96.36018,96.364379999999997,96.368580000000009,96.372780000000006,96.37688,96.380980000000008,96.385180000000005,96.389179999999996,96.393180000000001,96.397080000000003,96.401179999999997,96.405380000000008,96.409480000000002,96.413579999999996,96.417680000000004,96.421779999999998,96.425880000000006,96.42998,96.434280000000001,96.438380000000009,96.442480000000003,96.446480000000008,96.450479999999999,96.454580000000007,96.458680000000001,96.462780000000009,96.46678,96.470780000000005,96.474680000000006,96.47878,96.482680000000002,96.486680000000007,96.490679999999998,96.494579999999999,96.498480000000001,96.502679999999998,96.506680000000003,96.51088,96.514980000000008,96.519180000000006,96.52328,96.527380000000008,96.531379999999999,96.535480000000007,96.539580000000001,96.543580000000006,96.547480000000007,96.551380000000009,96.55538,96.559280000000001,96.563280000000006,96.567279999999997,96.571280000000002,96.575280000000006,96.579279999999997,96.583280000000002,96.587479999999999,96.591580000000008,96.595780000000005,96.599879999999999,96.603980000000007,96.608180000000004,96.612279999999998,96.616280000000003,96.620280000000008,96.624080000000006,96.627880000000005,96.63158,96.635180000000005,96.63888,96.642480000000006,96.646079999999998,96.649680000000004,96.653580000000005,96.657380000000003,96.661380000000008,96.665379999999999,96.669480000000007,96.673580000000001,96.677880000000002,96.681979999999996,96.686080000000004,96.690179999999998,96.69408,96.698080000000004,96.701880000000003,96.705780000000004,96.709580000000003,96.713380000000001,96.717179999999999,96.721080000000001,96.725080000000005,96.729079999999996,96.733180000000004,96.737380000000002,96.741479999999996,96.745680000000007,96.749780000000001,96.754080000000002,96.758080000000007,96.762180000000001,96.766180000000006,96.770179999999996,96.774180000000001,96.778180000000006,96.782080000000008,96.785980000000009,96.78998,96.793980000000005,96.797979999999995,96.80198,96.806179999999998,96.810280000000006,96.81438,96.818579999999997,96.822479999999999,96.825980000000001,96.82938,96.812280000000001,96.71808,96.62088,96.523679999999999,96.426079999999999,96.328379999999996,96.230779999999996,96.133080000000007,96.035380000000004,95.938280000000006,95.861580000000004,95.861779999999996,95.864680000000007,95.867779999999996,95.871179999999995,95.874679999999998,95.878380000000007,95.881979999999999,95.885779999999997,95.889380000000003,95.893079999999998,95.896879999999996,95.900779999999997,95.904480000000007,95.908380000000008,95.912080000000003,95.915880000000001,95.919780000000003,95.923580000000001,95.927679999999995,95.931579999999997,95.935580000000002,95.939480000000003,95.943579999999997,95.947479999999999,95.951679999999996,95.955680000000001,95.959680000000006,95.963679999999997,95.967579999999998,95.971580000000003,95.975480000000005,95.979479999999995,95.983379999999997,95.987279999999998,95.99118,95.995080000000002,95.998980000000003,96.002980000000008,96.007080000000002,96.011179999999996,96.015380000000007,96.019580000000005,96.023679999999999,96.027879999999996,96.032080000000008,96.036380000000008,96.040580000000006,96.04468,96.048680000000004,96.052880000000002,96.056880000000007,96.060980000000001,96.064980000000006,96.068979999999996,96.072980000000001,96.077280000000002,96.081479999999999,96.08578,96.089979999999997,96.094279999999998,96.098480000000009,96.102680000000007,96.107079999999996,96.111280000000008,96.115580000000008,96.119680000000002,96.12388,96.127980000000008,96.132180000000005,96.136179999999996,96.140380000000007,96.144480000000001,96.148679999999999,96.152780000000007,96.157080000000008,96.161380000000008,96.165680000000009,96.169979999999995,96.174279999999996,96.17868,96.182780000000008,96.187080000000009,96.191379999999995,96.195679999999996,96.199780000000004,96.203780000000009,96.207880000000003,96.211979999999997,96.215980000000002,96.220079999999996,96.224080000000001,96.228180000000009,96.232280000000003,96.236280000000008,96.240580000000008,96.244780000000006,96.249080000000006,96.253380000000007,96.257580000000004,96.261679999999998,96.265879999999996,96.270080000000007,96.274280000000005,96.278279999999995,96.282380000000003,96.286380000000008,96.290480000000002,96.294480000000007,96.298479999999998,96.302679999999995,96.30668,96.310780000000008,96.314980000000006,96.319180000000003,96.32338,96.327579999999998,96.331780000000009,96.335880000000003,96.34008,96.344180000000009,96.348280000000003,96.35248,96.356580000000008,96.360680000000002,96.364779999999996,96.368780000000001,96.372780000000006,96.37688,96.380980000000008,96.385180000000005,96.389279999999999,96.393380000000008,96.397480000000002,96.401679999999999,96.40598,96.41028,96.414380000000008,96.418580000000006,96.42268,96.426879999999997,96.431080000000009,96.435280000000006,96.43938,96.443480000000008,96.447580000000002,96.451679999999996,96.455880000000008,96.459980000000002,96.464280000000002,96.46848,96.47278,96.476880000000008,96.481180000000009,96.485280000000003,96.48948,96.493679999999998,96.497780000000006,96.501980000000003,96.506079999999997,96.510280000000009,96.514480000000006,96.518680000000003,96.522779999999997,96.526980000000009,96.531080000000003,96.535380000000004,96.539479999999998,96.543680000000009,96.547880000000006,96.55198,96.555980000000005,96.560280000000006,96.56438,96.568780000000004,96.573080000000004,96.577280000000002,96.581379999999996,96.585480000000004,96.589680000000001,96.593879999999999,96.598179999999999,96.602280000000007,96.606480000000005,96.610479999999995,96.614680000000007,96.618780000000001,96.622979999999998,96.627080000000007,96.631280000000004,96.635379999999998,96.639580000000009,96.643680000000003,96.647880000000001,96.651980000000009,96.656080000000003,96.660179999999997,96.664280000000005,96.668480000000002,96.672579999999996,96.676780000000008,96.680980000000005,96.685180000000003,96.68938,96.693579999999997,96.697879999999998,96.702179999999998,96.706479999999999,96.71078,96.714979999999997,96.719380000000001,96.723680000000002,96.728080000000006,96.732380000000006,96.736779999999996,96.740880000000004,96.745180000000005,96.749480000000005,96.753879999999995,96.758279999999999,96.762479999999996,96.766680000000008,96.770880000000005,96.775180000000006,96.77928,96.783580000000001,96.787880000000001,96.792079999999999,96.796180000000007,96.800480000000007,96.804680000000005,96.808980000000005,96.813180000000003,96.817480000000003,96.821680000000001,96.825879999999998,96.830179999999999,96.834379999999996,96.838580000000007,96.842780000000005,96.846879999999999,96.851179999999999,96.855379999999997,96.859480000000005,96.863680000000002,96.86788,96.871980000000008,96.876280000000008,96.880679999999998,96.884979999999999,96.889380000000003,96.893680000000003,96.898179999999996,96.902479999999997,96.906880000000001,96.911380000000008,96.915880000000001,96.920180000000002,96.924379999999999,96.92868,96.932980000000001,96.937179999999998,96.941379999999995,96.945679999999996,96.949880000000007,96.953980000000001,96.958280000000002,96.962479999999999,96.966679999999997,96.970979999999997,96.975279999999998,96.979479999999995,96.983580000000003,96.987880000000004,96.992080000000001,96.996380000000002,97.000479999999996,97.004779999999997,97.008880000000005,97.013080000000002,97.01728,97.021479999999997,97.025580000000005,97.029780000000002,97.033879999999996,97.037980000000005,97.042180000000002,97.046379999999999,97.05068,97.054780000000008,97.059080000000009,97.063180000000003,97.06738,97.071680000000001,97.076080000000005,97.080380000000005,97.084580000000003,97.088880000000003,97.09308,97.097380000000001,97.101680000000002,97.105980000000002,97.110380000000006,97.114580000000004,97.118780000000001,97.123080000000002,97.127480000000006,97.131879999999995,97.136179999999996,97.140380000000007,97.144680000000008,97.148980000000009,97.153279999999995,97.157679999999999,97.16198,97.166080000000008,97.170280000000005,97.174480000000003,97.17868,97.182879999999997,97.187080000000009,97.191180000000003,97.195279999999997,97.199380000000005,97.203580000000002,97.207880000000003,97.211979999999997,97.216180000000008,97.220380000000006,97.224580000000003,97.228679999999997,97.232880000000009,97.237180000000009,97.241280000000003,97.245580000000004,97.249679999999998,97.253879999999995,97.258080000000007,97.262380000000007,97.266480000000001,97.270780000000002,97.274979999999999,97.279080000000008,97.283280000000005,97.287480000000002,97.291679999999999,97.295780000000008,97.299980000000005,97.304079999999999,97.30838,97.312480000000008,97.316879999999998,97.321179999999998,97.325580000000002,97.329880000000003,97.334280000000007,97.338679999999997,97.34308,97.347480000000004,97.351780000000005,97.356180000000009,97.360479999999995,97.364879999999999,97.369079999999997,97.373379999999997,97.377679999999998,97.381879999999995,97.386179999999996,97.390479999999997,97.394880000000001,97.399180000000001,97.403580000000005,97.407980000000009,97.412279999999996,97.416679999999999,97.42098,97.425380000000004,97.429580000000001,97.433980000000005,97.438180000000003,97.44238,97.446680000000001,97.450780000000009,97.455079999999995,97.459280000000007,97.463580000000007,97.467780000000005,97.472080000000005,97.476380000000006,97.480779999999996,97.484980000000007,97.489280000000008,97.493480000000005,97.497880000000009,97.501980000000003,97.506280000000004,97.510480000000001,97.514679999999998,97.518879999999996,97.523179999999996,97.52758,97.531880000000001,97.536280000000005,97.540379999999999,97.54468,97.54898,97.553280000000001,97.557680000000005,97.561980000000005,97.566280000000006,97.570480000000003,97.574579999999997,97.578980000000001,97.583280000000002,97.587580000000003,97.591880000000003,97.595979999999997,97.600180000000009,97.604479999999995,97.608779999999996,97.612980000000007,97.617280000000008,97.621580000000009,97.625780000000006,97.630080000000007,97.634380000000007,97.63888,97.643180000000001,97.647480000000002,97.651880000000006,97.656180000000006,97.660380000000004,97.664580000000001,97.668880000000001,97.672979999999995,97.677279999999996,97.681480000000008,97.685780000000008,97.689980000000006,97.694379999999995,97.698679999999996,97.702979999999997,97.707180000000008,97.711579999999998,97.716180000000008,97.720680000000002,97.725080000000005,97.729380000000006,97.733779999999996,97.73818,97.742580000000004,97.746980000000008,97.751379999999997,97.755679999999998,97.759979999999999,97.764279999999999,97.768780000000007,97.773179999999996,97.77758,97.781980000000004,97.786280000000005,97.790680000000009,97.795180000000002,97.799680000000009,97.803979999999996,97.808180000000007,97.812579999999997,97.816980000000001,97.821280000000002,97.825580000000002,97.82978,97.83408,97.838380000000001,97.842680000000001,97.846980000000002,97.851280000000003,97.855580000000003,97.859780000000001,97.863979999999998,97.868279999999999,97.872579999999999,97.876980000000003,97.881180000000001,97.885379999999998,97.889580000000009,97.893879999999996,97.898080000000007,97.902280000000005,97.906580000000005,97.910679999999999,97.91498,97.918980000000005,97.923180000000002,97.927279999999996,97.931579999999997,97.935780000000008,97.940080000000009,97.944280000000006,97.948580000000007,97.952880000000007,97.957279999999997,97.961579999999998,97.965980000000002,97.970179999999999,97.97448,97.978679999999997,97.982880000000009,97.986980000000003,97.99118,97.995280000000008,97.999380000000002,98.003479999999996,98.007580000000004,98.011980000000008,98.016180000000006,98.020579999999995,98.024879999999996,98.029380000000003,98.033780000000007,98.038080000000008,98.042380000000009,98.046580000000006,98.050880000000006,98.055080000000004,98.059380000000004,98.063580000000002,98.067679999999996,98.071780000000004,98.075980000000001,98.080179999999999,98.084479999999999,98.08878,98.09308,98.097480000000004,98.101880000000008,98.106080000000006,98.110579999999999,98.114980000000003,98.119479999999996,98.12388,98.12818,98.132480000000001,98.136880000000005,98.141180000000006,98.145480000000006,98.149680000000004,98.153980000000004,98.158180000000002,98.162379999999999,98.166679999999999,98.170879999999997,98.175380000000004,98.179580000000001,98.183980000000005,98.188280000000006,98.192779999999999,98.197180000000003,98.201679999999996,98.205979999999997,98.210180000000008,98.214480000000009,98.218779999999995,98.223079999999996,98.227280000000007,98.231480000000005,98.235680000000002,98.239779999999996,98.243980000000008,98.248379999999997,98.252780000000001,98.257080000000002,98.261380000000003,98.265780000000007,98.270080000000007,98.27458,98.278980000000004,98.283380000000008,98.287680000000009,98.292079999999999,98.296279999999996,98.300480000000007,98.304780000000008,98.308980000000005,98.313180000000003,98.317279999999997,98.321380000000005,98.325379999999996,98.329480000000004,98.333780000000004,98.338080000000005,98.342380000000006,98.34648,98.350679999999997,98.354979999999998,98.359279999999998,98.363680000000002,98.36788,98.372280000000003,98.376480000000001,98.380679999999998,98.384979999999999,98.389279999999999,98.393680000000003,98.397880000000001,98.402079999999998,98.406379999999999,98.410679999999999,98.415080000000003,98.419280000000001,98.423380000000009,98.427379999999999,98.431380000000004,98.435479999999998,98.439279999999997,98.442880000000002,98.446880000000007,98.449880000000007
